103
110
119
128
133
143
152
157
165
175
180
193
201
210
216
227
241
253
266
281
297
314
327
338
357
370
383
400
421
444
456
474
494
515
539
568
597
621
645
677
695
726
755
778
810
832
871
903
932
970
1006
1043
1090
1131
1177
1222
1270
1312
1354
1417
1476
1532
1589
1633
1692
1753
1807
1864
1926
1983
2044
2111
2175
2246
2336
2413
2503
2568
2650
2726
2811
2902
2995
3083
3177
3260
3339
3407
3495
3601
3699
3800
3914
4007
4143
4253
4366
4487
4591
4693
4815
4936
5065
5187
5326
5455
5613
5750
5904
6034
6195
6351
6499
6659
6810
6987
7135
7324
7501
7673
7849
8038
8226
8386
8571
8743
8938
9126
9324
9506
9710
9895
10097
10316
10554
10764
10999
11258
11513
11750
11999
12225
12505
12744
13011
13294
13581
13840
14100
14365
14641
14923
15213
15499
15778
16063
16361
16658
16966
17284
17612
17961
18267
18620
18951
19273
19577
19910
20218
20566
20912
21245
21576
21901
22249
22593
22961
23307
23671
23998
24366
24730
25114
25493
25871
26268
26650
27043
27421
27823
28227
28646
29023
29408
29822
30238
30625
31040
31446
31874
32330
32723
33138
33573
34009
34448
34923
35345
35772
36259
36722
37185
37630
38087
38508
39035
39529
40016
40527
41009
41490
41962
42482
42915
43390
43913
44368
44813
45296
45787
46263
46740
47258
47738
48237
48726
49213
49687
50174
50631
51093
51560
52061
52498
52982
53455
53905
54367
54804
55254
55669
56103
56520
56962
57373
57841
58264
58693
59108
59544
59980
60387
60840
61250
61644
62105
62507
62905
63282
63696
64072
64447
64849
65226
65632
65998
66358
66703
67118
67604
68038
68475
68900
69279
69698
70147
70585
71016
71380
71764
72178
72560
72991
73429
73791
74186
74525
74916
75267
75643
