102
108
114
118
125
130
138
143
151
157
172
179
185
199
207
214
221
233
241
258
273
284
294
301
321
331
347
362
381
398
418
433
449
468
490
510
530
553
588
610
640
679
703
727
757
781
817
842
880
908
942
982
1026
1064
1108
1146
1190
1231
1267
1318
1393
1435
1497
1546
1600
1650
1711
1792
1851
1921
1988
2063
2124
2175
2250
2349
2417
2490
2571
2659
2753
2834
2921
3017
3123
3225
3323
3399
3490
3624
3739
3864
3975
4071
4188
4309
4441
4560
4703
4850
4988
5121
5272
5411
5557
5687
5828
6005
6144
6314
6500
6654
6836
7009
7172
7357
7531
7703
7917
8122
8322
8521
8728
8918
9152
9361
9581
9794
10022
10246
10480
10729
10948
11186
11454
11709
11973
12267
12533
12793
13085
13357
13630
13913
14187
14458
14760
15091
15395
15684
15974
16253
16591
16900
17225
17537
17883
18257
18590
18945
19328
19673
20026
20391
20739
21094
21470
21888
22243
22651
23047
23441
23881
24290
24755
25172
25632
26035
26456
26927
27379
27821
28289
28746
29238
29711
30205
30707
31177
31687
32180
32716
33227
33712
34227
34711
35246
35780
36328
36851
37368
37884
38388
38960
39532
40071
40638
41221
41770
42368
42893
43474
44024
44588
45136
45722
46346
46927
47519
48139
48718
49357
49994
50611
51214
51819
52432
53017
53642
54304
54923
55591
56243
56873
57523
58177
58846
59558
60227
60846
61557
62177
62857
63539
64189
64845
65474
66142
66786
67423
68096
68753
69380
70016
70638
71211
71869
72474
73084
73668
74219
74796
75387
75906
76474
77009
77586
78159
78711
79248
79760
80296
80838
81350
81891
82432
82918
83404
83878
84409
84889
85329
85772
86184
86606
87038
87453
87847
88224
88595
89028
89413
89831
90257
90667
91025
91377
91709
92052
92364
