113
136
165
197
225
262
312
362
423
485
549
615
689
788
889
988
1103
1220
1322
1454
1548
1654
1769
1892
2000
2133
2255
2381
2502
2621
2760
2895
3031
3169
3318
3455
3605
3754
3892
4038
4185
4337
4482
4651
4816
4964
5112
5266
5405
5560
5732
5900
6055
6218
6400
6587
6764
6939
7111
7310
7490
7657
7829
7978
8163
8308
8481
8646
8826
9014
9198
9389
9563
9748
9945
10137
10322
10512
10717
10921
11140
11367
11592
11819
12052
12263
12508
12749
12984
13200
13442
13676
13887
14105
14305
14495
14690
14825
15009
15167
15310
15466
15602
15729
15867
15971
16073
16162
16245
16333
16411
16478
16541
16601
16654
16701
16753
16787
16805
16824
16848
16870
16927
16964
16996
17020
17039
17070
17088
17106
17140
17183
17206
17241
17289
17336
17394
17451
17503
17553
17601
17652
17689
17761
17807
17862
17932
17994
18059
18135
18205
18306
18408
18527
18617
18721
18824
18959
19074
19192
19312
19464
19582
19711
19840
19961
20098
20230
20378
20537
20665
20833
20980
21127
21289
21441
21589
21732
21847
22000
22150
22286
22410
22541
22673
22802
22914
23027
23163
23284
23401
23504
23637
23770
23874
23991
24095
24197
24294
24381
24471
24582
24681
24775
24870
24937
25027
25109
25195
25259
25332
25394
25425
25462
25487
25536
25536
25522
25525
25536
25501
25475
25453
25450
25425
25404
25380
25347
25320
25270
25232
25194
25152
25099
25016
24977
24906
24860
24797
24762
24713
24656
24579
24513
24433
24360
24308
24249
24177
24124
24061
23987
23932
23874
23807
23756
23717
23667
23603
23545
23479
23448
23403
23381
23327
23279
23226
23174
23144
23106
23068
23008
22970
22939
22899
22881
22849
22834
22824
22798
22771
22754
22710
22707
22687
22672
22656
22643
22632
22619
22608
22596
22593
22591
22587
22587
22593
22590
22614
22628
