118
140
173
194
223
265
309
356
393
448
514
586
667
749
864
980
1102
1229
1367
1484
1627
1777
1940
2094
2232
2398
2549
2709
2839
2992
3148
3289
3428
3553
3686
3824
3962
4101
4255
4389
4500
4635
4761
4867
4966
5073
5181
5282
5384
5496
5593
5683
5739
5830
5902
5978
6065
6130
6199
6253
6312
6377
6434
6494
6555
6611
6661
6728
6782
6844
6919
7007
7091
7188
7294
7389
7516
7651
7771
7896
8021
8143
8298
8457
8598
8743
8889
9040
9201
9341
9497
9653
9805
9959
10117
10279
10431
10592
10754
10885
11039
11190
11333
11476
11600
11729
11846
11983
12128
12269
12394
12510
12647
12778
12919
13026
13159
13288
13425
13538
13658
13767
13909
14034
14150
14254
14382
14509
14624
14738
14844
14963
15053
15174
15303
15432
15560
15671
15795
15915
16032
16145
16273
16375
16493
16622
16723
16841
16944
17042
17131
17217
17300
17379
17451
17509
17583
17640
17712
17784
17857
17916
17996
18071
18161
18245
18322
18411
18502
18581
18666
18748
18850
18966
19073
19179
19276
19398
19515
19640
19741
19850
19956
20072
20144
20265
20349
20428
20501
20604
20673
20763
20879
20984
21096
21196
21287
21374
21433
21488
21537
21612
21667
21709
21771
21826
21856
21897
21932
21966
22002
22048
22088
22099
22122
22136
22134
22160
22174
22194
22206
22229
22226
22239
22228
22221
22212
22208
22198
22190
22188
22186
22180
22162
22161
22120
22127
22097
22060
22061
22057
22022
22003
21985
21986
21970
21948
21931
21925
21930
21906
21894
21877
21849
21834
21833
21822
21819
21822
21811
21804
21797
21796
21770
21745
21714
21710
21708
21667
21650
21630
21620
21592
21578
21579
21553
21526
21493
21475
21456
21415
21385
21380
21358
21342
21317
21283
21257
21229
21204
21164
21135
21110
21084
21057
21022
20997
20945
20919
20883
