112
127
158
184
211
254
299
351
393
453
531
599
684
771
866
970
1072
1203
1336
1459
1603
1741
1874
2017
2159
2295
2446
2583
2713
2860
2992
3127
3263
3398
3534
3666
3790
3903
4026
4161
4274
4392
4532
4651
4758
4855
4957
5062
5182
5273
5362
5455
5551
5628
5720
5796
5877
5950
6029
6102
6172
6237
6308
6368
6427
6502
6569
6634
6696
6754
6823
6894
6956
7029
7092
7156
7227
7286
7345
7394
7451
7527
7589
7647
7701
7760
7826
7882
7931
7971
8030
8073
8133
8187
8240
8304
8360
8419
8485
8552
8612
8667
8724
8792
8833
8887
8928
8973
9018
9058
9098
9136
9176
9218
9242
9284
9318
9358
9381
9429
9460
9500
9542
9581
9630
9655
9691
9727
9779
9829
9867
9922
9989
10061
10124
10194
10269
10360
10452
10560
10672
10760
10871
10982
11085
11200
11326
11444
11557
11684
11821
11941
12081
12218
12350
12473
12594
12710
12840
12963
13070
13198
13314
13435
13562
13696
13814
13924
14020
14118
14202
14310
14411
14505
14576
14678
14772
14856
14907
14975
15052
15122
15197
15259
15320
15385
15465
15535
15607
15667
15735
15820
15919
16011
16100
16187
16269
16364
16471
16574
16695
16804
16924
17054
17185
17317
17468
17612
17725
17886
18022
18145
18301
18442
18560
18697
18819
18955
19056
19194
19315
19420
19493
19596
19660
19734
19789
19840
19894
19940
19992
20025
20054
20086
20117
20144
20175
20213
20242
20269
20290
20318
20353
20382
20416
20462
20500
20537
20582
20636
20686
20752
20821
20900
20990
21102
21222
21342
21473
21592
21712
21835
21955
22092
22194
22305
22452
22560
22675
22796
22927
23034
23137
23228
23333
23428
23524
23621
23714
23813
23909
23995
24083
24145
24219
24293
24363
24439
24494
24558
24623
24664
24705
24762
24806
24863
24913
24948
24987
25018
