103
107
110
114
119
125
131
140
145
152
155
166
174
184
191
199
212
219
231
241
255
271
280
298
312
337
356
365
381
399
418
441
469
485
516
549
578
609
634
660
691
731
760
803
840
876
909
951
996
1036
1087
1118
1166
1220
1273
1325
1375
1426
1482
1536
1596
1663
1739
1800
1872
1941
2021
2088
2160
2231
2313
2394
2458
2560
2651
2739
2837
2921
3029
3149
3247
3333
3435
3521
3654
3773
3896
4030
4168
4318
4467
4569
4691
4838
4986
5118
5298
5457
5617
5798
5988
6176
6330
6487
6689
6853
7057
7244
7461
7681
7871
8084
8295
8491
8728
8949
9176
9401
9624
9834
10068
10337
10577
10830
11119
11373
11636
11894
12162
12435
12744
12996
13279
13583
13866
14172
14489
14821
15161
15475
15768
16094
16425
16758
17072
17404
17772
18127
18511
18863
19238
19609
19997
20368
20746
21119
21528
21922
22344
22738
23119
23528
24024
24494
24900
25337
25776
26191
26636
27074
27484
27973
28422
28890
29343
29831
30323
30797
31272
31797
32301
32768
33255
33777
34312
34814
35325
35863
36357
36888
37416
37960
38480
39071
39578
40118
40632
41134
41715
42235
42769
43321
43849
44351
44898
45418
45983
46517
47090
47617
48168
48754
49282
49869
50438
51029
51619
52213
52738
53344
53891
54446
54988
55483
56028
56544
57064
57606
58166
58700
59226
59762
60298
60819
61293
61763
62306
62804
63278
63717
64199
64626
65119
65586
66041
66490
66902
67342
67777
68180
68562
68985
69373
69802
70154
70596
71017
71353
71711
72116
72477
72883
73264
73581
73961
74294
74641
74959
75254
75589
75891
76230
76497
76803
77079
77364
77629
77889
78131
78349
78590
78786
79015
79262
79483
79701
79903
80117
80325
80520
80739
80898
81055
81237
81457
81659
81828
81989
82105
82240
