107
109
116
120
128
137
143
153
163
167
176
187
198
209
222
241
247
257
264
276
285
292
307
317
337
352
367
386
403
425
443
461
480
497
519
545
579
601
626
648
675
715
739
769
804
834
862
890
925
971
1021
1062
1101
1143
1192
1230
1276
1307
1348
1399
1460
1520
1580
1630
1688
1741
1798
1857
1923
1981
2048
2110
2176
2262
2329
2406
2487
2570
2641
2745
2828
2912
3006
3096
3185
3268
3382
3487
3593
3701
3814
3937
4052
4171
4271
4413
4541
4662
4779
4902
5031
5157
5295
5433
5586
5737
5885
6049
6199
6338
6497
6640
6814
6973
7147
7313
7498
7656
7830
8032
8252
8429
8607
8797
9009
9198
9419
9639
9849
10080
10328
10534
10762
10993
11232
11464
11706
11974
12237
12496
12744
13021
13290
13558
13835
14097
14374
14663
14953
15252
15566
15910
16298
16631
17003
17371
17734
18101
18452
18822
19222
19590
19994
20394
20798
21181
21601
22023
22458
22915
23361
23799
24249
24705
25202
25695
26129
26571
27067
27536
28038
28549
29053
29532
30050
30517
31053
31569
32121
32644
33190
33725
34210
34738
35305
35873
36421
36972
37534
38114
38721
39303
39868
40455
41015
41572
42166
42740
43291
43874
44464
45094
45683
46282
46853
47382
47964
48539
49104
49714
50305
50850
51389
51911
52488
53087
53625
54172
54689
55238
55764
56260
56779
57292
57833
58323
58850
59334
59812
60277
60814
61273
61680
62166
62619
63049
63437
63893
64333
64733
65138
65545
65951
66347
66739
67151
67515
67831
68157
68490
68977
69468
69968
70455
70922
71384
71831
72294
72751
73234
73683
74179
74644
75084
75541
76041
76512
76969
77406
77806
78253
78657
79083
79498
79899
80313
80682
81044
81437
81822
82220
82619
82974
83343
83704
84079
84464
84857
85216
85580
