105
107
111
118
121
132
135
140
148
154
159
162
175
183
194
206
214
225
239
250
260
278
290
305
319
333
350
365
379
393
410
432
456
477
493
512
535
554
580
606
631
656
686
709
733
762
780
810
842
871
901
934
971
1002
1041
1072
1114
1151
1191
1230
1281
1328
1382
1432
1480
1523
1572
1630
1709
1767
1823
1885
1952
2010
2069
2140
2209
2281
2364
2443
2518
2594
2658
2726
2797
2881
2957
3039
3118
3206
3279
3360
3443
3542
3638
3731
3835
3949
4061
4156
4251
4337
4462
4564
4678
4776
4890
5001
5114
5219
5337
5452
5572
5700
5812
5918
6044
6169
6292
6444
6596
6742
6875
7015
7175
7309
7475
7614
7754
7906
8067
8208
8351
8486
8644
8818
8965
9129
9295
9473
9649
9828
9988
10169
10372
10563
10750
10942
11106
11306
11475
11670
11842
12035
12219
12423
12609
12800
13009
13240
13435
13658
13866
14075
14284
14499
14714
14901
15097
15315
15535
15739
15965
16205
16442
16658
16870
17096
17335
17555
17797
18008
18230
18461
18686
18911
19148
19393
19603
19819
20049
20274
20528
20763
20985
21219
21456
21700
21908
22176
22371
22593
22799
23038
23291
23538
23730
23950
24174
24407
24659
24860
25081
25283
25487
25706
25909
26121
26335
26548
26767
26983
27208
27427
27655
27839
28040
28233
28445
28682
28905
29101
29301
29506
29703
29892
30073
30289
30495
30735
30996
31239
31467
31709
31946
32183
32421
32651
32902
33125
33374
33595
33806
34039
34247
34478
34704
34912
35155
35373
35640
35869
36093
36334
36567
36785
37024
37231
37442
37664
37871
38064
38290
38510
38743
38950
39202
39441
39685
39927
40109
40337
40555
40808
41038
41247
41444
41656
41866
42082
42260
42448
42656
42859
43086
43326
43539
43792
44018
44255
