101
106
110
117
123
129
135
142
152
157
162
171
176
182
195
204
211
221
231
243
246
259
275
282
296
311
328
343
355
372
386
409
430
443
461
473
490
509
527
548
568
597
624
653
680
707
736
765
810
847
882
921
957
996
1047
1088
1147
1192
1228
1277
1320
1369
1426
1478
1528
1583
1631
1682
1737
1788
1839
1905
1957
2020
2081
2138
2203
2272
2348
2413
2486
2572
2645
2717
2804
2882
2960
3036
3114
3199
3294
3368
3454
3536
3644
3764
3860
3953
4061
4169
4290
4397
4505
4611
4729
4847
4976
5098
5226
5335
5462
5604
5719
5844
5963
6081
6214
6339
6486
6605
6732
6880
7018
7161
7296
7456
7575
7720
7872
8015
8168
8343
8499
8664
8857
9023
9195
9377
9547
9698
9878
10058
10230
10428
10638
10835
11012
11169
11339
11535
11736
11932
12113
12326
12529
12733
12952
13156
13373
13566
13778
13999
14206
14449
14679
14913
15134
15375
15622
15831
16046
16285
16518
16727
16944
17196
17447
17700
17933
18173
18405
18694
18940
19174
19420
19666
19891
20128
20359
20607
20840
21070
21341
21587
21847
22091
22324
22592
22842
23082
23324
23587
23826
24057
24347
24618
24908
25179
25435
25709
25976
26267
26513
26813
27077
27364
27676
27991
28302
28607
28898
29211
29485
29788
30081
30388
30690
30978
31275
31590
31889
32214
32534
32841
33173
33514
33833
34156
34493
34833
35167
35487
35829
36193
36591
36914
37289
37644
37992
38325
38687
39047
39369
39711
40032
40402
40738
41088
41427
41810
42155
42511
42918
43301
43643
44001
44347
44710
45077
45431
45774
46143
46516
46898
47256
47612
47973
48346
48723
49084
49445
49826
50195
50546
50900
51252
51617
51963
52343
52684
53055
53410
53778
54162
54524
54887
55225
55569
55905
56235
