105
109
116
125
131
139
141
151
160
170
181
193
204
216
226
240
258
272
278
293
314
332
352
367
384
399
415
435
451
468
501
529
554
574
593
614
652
672
706
736
766
796
825
871
908
946
980
1026
1070
1111
1153
1213
1253
1295
1340
1387
1437
1485
1541
1594
1649
1713
1781
1840
1906
1966
2028
2105
2189
2268
2367
2442
2519
2618
2711
2808
2899
2991
3095
3181
3287
3383
3483
3592
3710
3820
3933
4042
4151
4263
4375
4502
4624
4740
4852
5001
5123
5242
5396
5522
5674
5821
5972
6131
6265
6415
6574
6750
6911
7103
7275
7444
7619
7821
7993
8179
8386
8577
8793
9001
9223
9425
9644
9871
10107
10324
10544
10755
11007
11282
11526
11773
12021
12280
12532
12792
13070
13351
13625
13918
14200
14484
14784
15071
15370
15659
15973
16259
16563
16881
17197
17520
17858
18176
18514
18841
19194
19539
19850
20207
20575
20934
21309
21675
22022
22394
22806
23188
23577
23963
24362
24755
25135
25523
25916
26305
26699
27092
27498
27890
28278
28675
29097
29495
29916
30321
30769
31188
31629
32033
32429
32899
33340
33789
34271
34698
35138
35589
36055
36483
36939
37418
37882
38368
38818
39255
39692
40201
40670
41142
41569
42030
42515
42968
43499
43977
44407
44899
45330
45804
46306
46789
47233
47675
48132
48597
49054
49582
50070
50524
51030
51529
51988
52445
52942
53405
53950
54465
55023
55571
56074
56568
57044
57560
58088
58576
59127
59674
60161
60699
61246
61725
62242
62769
63270
63758
64214
64709
65157
65644
66123
66586
67108
67568
68054
68532
69018
69486
69970
70402
70850
71289
71741
72159
72615
72997
73425
73834
74222
74611
75015
75437
75821
76193
76575
76938
77241
77580
77936
78268
78597
78866
79158
79493
79821
80112
80445
80776
81113
81482
