107
112
117
123
133
138
149
153
159
166
177
187
201
211
223
237
247
253
269
277
289
302
320
341
358
377
394
414
431
448
476
500
523
539
563
595
616
645
673
706
733
765
793
825
860
897
929
967
1003
1039
1080
1122
1155
1200
1243
1287
1329
1379
1432
1477
1539
1600
1657
1709
1760
1821
1897
1961
2021
2093
2166
2232
2300
2367
2437
2514
2588
2657
2735
2824
2917
3012
3086
3163
3259
3374
3475
3585
3687
3809
3911
4034
4148
4277
4393
4523
4660
4781
4916
5040
5177
5299
5430
5560
5698
5828
5963
6107
6250
6425
6588
6740
6899
7043
7198
7345
7486
7643
7792
7980
8139
8310
8474
8675
8843
9047
9241
9441
9640
9841
10039
10237
10433
10636
10865
11101
11312
11543
11772
12000
12227
12462
12702
12954
13181
13472
13721
14008
14259
14514
14777
15052
15300
15589
15856
16114
16390
16691
16989
17327
17621
17941
18226
18545
18854
19156
19453
19775
20072
20386
20734
21034
21373
21712
22064
22393
22759
23113
23435
23780
24113
24444
24801
25154
25534
25865
26207
26542
26928
27293
27633
27987
28391
28780
29154
29528
29933
30294
30702
31086
31476
31904
32324
32741
33171
33579
33974
34392
34828
35246
35662
36097
36548
37002
37458
37910
38325
38789
39228
39691
40118
40589
41061
41494
41911
42347
42753
43210
43658
44065
44503
44963
45401
45885
46370
46840
47299
47765
48249
48739
49190
49656
50100
50580
51062
51508
51974
52463
52921
53372
53800
54218
54636
55064
55494
55969
56427
56830
57244
57692
58094
58495
58922
59344
59716
60123
60486
60872
61246
61617
62006
62382
62761
63192
63605
63980
64354
64760
65120
65520
65855
66233
66555
66899
67246
67576
67841
68170
68473
68828
69134
69431
69748
70044
70302
70608
70863
71147
71424
71691
