103
104
108
111
117
121
127
129
133
135
142
145
152
161
166
177
184
189
196
204
211
213
223
235
245
261
268
275
283
293
304
309
320
337
343
353
371
379
394
409
427
444
460
472
491
505
524
532
556
575
589
606
624
646
666
684
706
729
746
766
794
817
838
869
889
920
952
984
1006
1032
1057
1089
1123
1160
1197
1232
1275
1308
1339
1375
1406
1435
1471
1513
1562
1598
1645
1683
1726
1770
1822
1872
1914
1955
1994
2047
2095
2138
2193
2234
2287
2341
2382
2438
2482
2527
2568
2608
2650
2688
2744
2795
2834
2885
2935
2979
3029
3092
3145
3203
3269
3327
3376
3430
3483
3543
3604
3654
3720
3768
3836
3878
3947
4000
4059
4112
4177
4238
4296
4354
4425
4497
4546
4594
4648
4725
4786
4833
4902
4961
5013
5083
5153
5225
5290
5352
5412
5476
5547
5606
5677
5749
5828
5908
5962
6028
6100
6161
6233
6310
6381
6467
6537
6623
6711
6775
6843
6904
6965
7052
7130
7193
7278
7353
7429
7495
7570
7624
7695
7764
7865
7950
8027
8113
8182
8271
8355
8434
8511
8595
8665
8749
8834
8928
8991
9071
9144
9229
9306
9373
9439
9532
9605
9695
9777
9848
9915
9999
10072
10145
10203
10262
10322
10400
10462
10523
10582
10654
10739
10806
10877
10955
11036
11110
11175
11235
11293
11368
11454
11532
11595
11676
11768
11837
11911
11971
12034
12116
12173
12247
12318
12396
12461
12529
12598
12670
12735
12800
12870
12927
12992
13066
13153
13211
13288
13359
13438
13509
13578
13641
13711
13777
13837
13893
13955
14015
14074
14146
14218
14267
14334
14397
14459
14545
14612
14678
14738
14798
14852
14910
14979
15043
15109
15158
15197
15258
15323
15384
15431
15504
