104
108
110
115
116
122
126
134
143
149
155
162
165
168
171
175
180
185
195
200
208
215
221
235
245
256
269
276
283
292
300
310
322
330
342
353
366
379
388
409
416
436
454
471
486
503
521
538
557
575
602
619
638
656
672
693
714
738
752
780
805
828
854
873
902
928
959
978
1003
1032
1052
1090
1121
1153
1191
1217
1261
1295
1328
1366
1402
1445
1478
1515
1545
1586
1622
1668
1703
1729
1762
1808
1853
1908
1942
1992
2037
2083
2129
2170
2221
2270
2335
2378
2430
2474
2520
2560
2608
2653
2702
2750
2790
2847
2895
2948
2999
3064
3126
3193
3247
3295
3347
3404
3445
3497
3553
3603
3651
3717
3775
3835
3892
3960
4018
4068
4135
4208
4262
4305
4372
4432
4494
4550
4613
4660
4725
4784
4857
4918
4967
5033
5093
5162
5224
5278
5336
5387
5460
5519
5584
5647
5705
5755
5806
5869
5936
6013
6081
6144
6202
6279
6354
6423
6493
6559
6621
6709
6785
6856
6924
7007
7078
7153
7225
7294
7356
7436
7496
7569
7637
7717
7792
7878
7949
8018
8087
8166
8241
8297
8362
8441
8517
8596
8668
8743
8827
8904
8978
9060
9144
9234
9323
9397
9489
9556
9639
9719
9797
9864
9938
10011
10122
10206
10282
10367
10459
10521
10605
10679
10765
10852
10918
10998
11091
11171
11257
11350
11431
11502
11559
11637
11715
11786
11876
11951
12022
12098
12187
12264
12346
12437
12523
12614
12700
12765
12841
12916
12999
13096
13172
13252
13322
13383
13463
13529
13601
13673
13760
13832
13915
13997
14083
14169
14247
14328
14406
14486
14577
14648
14731
14830
14908
14992
15079
15175
15250
15330
15412
15497
15584
15650
15714
15791
15866
15962
16044
16106
16189
16272
