104
106
110
115
120
124
131
135
136
140
142
147
155
158
162
164
168
173
180
187
196
201
203
211
222
226
235
244
251
259
268
277
288
295
311
319
327
338
357
369
388
407
423
444
465
477
497
513
532
550
567
585
614
638
660
689
718
736
760
783
801
821
844
866
900
937
969
999
1041
1075
1116
1159
1195
1225
1258
1291
1325
1369
1408
1441
1482
1529
1571
1605
1656
1702
1736
1787
1831
1878
1927
1972
2022
2075
2123
2168
2214
2251
2309
2366
2418
2478
2534
2590
2657
2715
2775
2810
2874
2930
2991
3048
3119
3193
3273
3338
3403
3465
3523
3578
3645
3718
3782
3855
3911
3971
4044
4110
4180
4239
4315
4376
4433
4510
4572
4656
4724
4798
4866
4935
5014
5083
5148
5232
5315
5398
5463
5546
5619
5683
5749
5839
5908
5971
6036
6124
6198
6262
6340
6418
6504
6581
6647
6732
6804
6882
6971
7053
7128
7202
7288
7370
7462
7554
7639
7718
7811
7879
7962
8021
8120
8191
8248
8335
8432
8512
8593
8664
8744
8822
8907
8993
9093
9158
9244
9320
9398
9468
9534
9606
9674
9743
9835
9925
9989
10062
10140
10217
10298
10366
10452
10525
10584
10659
10740
10814
10878
10946
11005
11063
11135
11211
11297
11365
11436
11507
11571
11626
11690
11750
11828
11884
11960
12015
12085
12156
12238
12316
12387
12456
12530
12606
12666
12749
12826
12908
12990
13066
13136
13199
13271
13334
13422
13513
13590
13663
13722
13794
13872
13944
14015
14073
14146
14207
14286
14358
14427
14499
14566
14635
14709
14793
14864
14945
15004
15061
15120
15178
15243
15316
15380
15453
15524
15609
15673
15746
15816
15883
15960
16028
16080
16141
16203
16288
16362
16438
16506
16582
16650
16724
