115
135
156
183
219
258
310
365
421
488
560
640
736
836
941
1064
1195
1326
1482
1634
1786
1935
2128
2315
2521
2738
2958
3174
3417
3679
3939
4185
4437
4720
4997
5259
5548
5839
6115
6383
6657
6922
7187
7408
7620
7849
8069
8275
8492
8707
8898
9086
9279
9457
9620
9812
9974
10133
10302
10453
10622
10775
10924
11083
11250
11393
11558
11720
11859
12013
12142
12299
12433
12582
12721
12869
13013
13174
13307
13449
13588
13714
13853
14006
14136
14279
14410
14550
14683
14830
14931
15062
15173
15291
15413
15557
15661
15785
15908
16028
16144
16236
16331
16449
16540
16645
16729
16807
16899
16961
17031
17092
17154
17217
17281
17330
17348
17403
17431
17475
17512
17527
17549
17560
17569
17594
17615
17626
17622
17628
17611
17610
17606
17609
17599
17640
17643
17679
17715
17727
17742
17765
17782
17799
17823
17843
17860
17870
17889
17906
17936
17955
17994
18027
18063
18090
18123
18158
18206
18265
18320
18380
18465
18529
18616
18679
18751
18827
18907
18992
19082
19165
19270
19366
19473
19561
19641
19723
19803
19892
19982
20068
20172
20282
20376
20489
20603
20708
20820
20940
21051
21168
21313
21443
21573
21688
21841
22007
22150
22292
22452
22607
22763
22915
23062
23223
23392
23559
23708
23895
24050
24221
24366
24514
24690
24889
25052
25232
25388
25563
25724
25901
26089
26257
26439
26645
26846
27039
27227
27418
27564
27738
27910
28086
28276
28473
28650
28828
29015
29204
29398
29564
29708
29874
30050
30219
30394
30584
30742
30912
31076
31274
31472
31633
31797
31979
32139
32313
32498
32674
32819
32977
33129
33285
33426
33578
33681
33800
33921
34043
34163
34284
34422
34536
34643
34776
34908
35024
35133
35260
35408
35547
35718
35894
36052
36237
36439
36601
36796
36977
37170
37350
37529
37700
37902
38110
38337
38546
38791
38998
