116
135
156
184
215
251
301
355
420
484
563
639
733
827
939
1065
1197
1329
1477
1626
1808
2004
2198
2393
2581
2799
3019
3227
3450
3679
3900
4129
4333
4549
4746
4937
5143
5332
5540
5724
5924
6104
6292
6476
6630
6787
6950
7099
7244
7354
7491
7623
7740
7847
7949
8050
8136
8201
8286
8361
8429
8491
8555
8621
8685
8739
8790
8866
8910
8966
9010
9070
9107
9139
9180
9213
9253
9291
9315
9332
9369
9403
9417
9458
9496
9518
9541
9568
9607
9646
9683
9712
9743
9770
9797
9829
9858
9888
9908
9934
9952
9969
9990
10017
10037
10060
10091
10106
10131
10154
10169
10200
10223
10242
10264
10288
10314
10342
10365
10386
10411
10435
10458
10483
10506
10531
10558
10584
10604
10626
10648
10676
10709
10742
10771
10795
10818
10850
10870
10899
10932
10953
10973
10992
11014
11036
11065
11090
11119
11134
11159
11186
11209
11234
11255
11277
11304
11319
11347
11362
11379
11399
11419
11440
11458
11473
11493
11503
11517
11540
11562
11585
11601
11609
11636
11657
11679
11699
11715
11735
11755
11778
11793
11815
11835
11856
11877
11892
11912
11932
11950
11975
11995
12012
12030
12059
12069
12086
12113
12136
12159
12175
12196
12221
12236
12250
12277
12304
12324
12350
12375
12398
12417
12430
12452
12472
12493
12515
12530
12556
12570
12586
12598
12615
12629
12641
12662
12674
12694
12711
12730
12748
12771
12783
12793
12810
12823
12848
12862
12874
12888
12905
12925
12942
12959
12966
12981
13008
13018
13033
13036
13055
13072
13080
13097
13117
13131
13144
13162
13171
13182
13193
13205
13213
13229
13238
13254
13271
13281
13298
13311
13318
13331
13340
13354
13366
13376
13390
13401
13417
13435
13466
13478
13496
13510
13526
13553
13565
13582
13597
13614
13625
13640
13660
13679
13704
13716
13728
13750
13757
