117
141
171
195
231
265
305
347
404
465
538
608
687
779
884
996
1111
1247
1385
1549
1706
1876
2033
2217
2380
2556
2715
2882
3046
3206
3361
3505
3638
3746
3880
3996
4125
4246
4361
4484
4595
4725
4824
4946
5044
5152
5255
5368
5460
5568
5659
5749
5836
5939
6036
6129
6214
6297
6393
6456
6542
6631
6714
6817
6912
7044
7163
7270
7400
7570
7750
7933
8137
8354
8608
8863
9099
9353
9646
9922
10191
10483
10753
11044
11340
11600
11851
12142
12411
12683
12922
13198
13461
13736
13983
14221
14480
14767
15030
15254
15531
15765
16020
16280
16575
16833
17058
17317
17587
17828
18117
18361
18628
18899
19158
19421
19730
20018
20297
20563
20867
21140
21433
21695
21951
22224
22512
22753
22969
23187
23435
23635
23826
23999
24180
24354
24513
24651
24792
24922
25069
25210
25342
25485
25611
25728
25875
26001
26138
26254
26395
26525
26662
26785
26895
27034
27171
27318
27457
27636
27809
27968
28113
28293
28472
28669
28854
29078
29285
29499
29707
29897
30121
30305
30510
30723
30957
31140
31334
31554
31749
31952
32141
32320
32504
32711
32889
33037
33202
33347
33513
33646
33758
33896
34021
34159
34269
34384
34504
34599
34701
34789
35001
35184
35314
35450
35617
35760
35884
36008
36151
36264
36380
36465
36551
36621
36688
36736
36814
36897
36951
37011
37061
37112
37160
37216
37272
37328
37366
37405
37450
37478
37513
37548
37579
37638
37688
37737
37801
37882
37958
38046
38116
38198
38285
38393
38495
38635
38775
38903
39021
39147
39278
39409
39554
39696
39820
39936
40069
40179
40293
40419
40541
40644
40751
40876
40972
41074
41167
41256
41339
41444
41535
41639
41746
41867
41984
42112
42222
42357
42496
42623
42768
42919
43067
43233
43419
43570
43698
43874
44046
44207
44357
44531
44702
44864
45048
45214
45384
45557
