116
135
163
195
239
286
339
396
466
541
627
729
828
954
1068
1196
1338
1504
1668
1860
2053
2264
2459
2675
2918
3152
3404
3647
3906
4166
4397
4703
4983
5271
5568
5855
6125
6393
6658
6927
7219
7482
7753
7993
8246
8471
8697
8934
9205
9406
9679
9906
10128
10378
10630
10881
11101
11366
11616
11860
12116
12383
12655
12923
13261
13569
13930
14285
14646
15057
15468
15870
16284
16768
17244
17791
18320
18880
19458
20085
20710
21350
22016
22661
23315
23928
24537
25102
25616
26130
26632
27107
27628
28095
28578
29071
29596
30116
30681
31251
31842
32377
32985
33613
34214
34825
35487
36135
36794
37412
38087
38807
39495
40200
40882
41643
42333
43009
43690
44333
44965
45594
46281
46974
47576
48134
48743
49401
49987
50609
51197
51836
52451
53059
53672
54274
54891
55446
55982
56561
57061
57532
58043
58567
59070
59560
60042
60481
60897
61305
61740
62176
62549
62903
63343
63726
64103
64497
64888
65286
65722
66150
66555
66942
67335
67729
68183
68657
69083
69517
69846
70209
70572
70926
71237
71530
71799
72072
72309
72578
72804
73090
73384
73580
73783
73963
74168
74311
74480
74674
74815
74960
75081
75195
75251
75391
75455
75522
75594
75642
75666
75680
75673
75697
75719
75732
75722
75700
75663
75638
75555
75535
75526
75447
75401
75359
75303
75268
75243
75225
75267
75252
75236
75222
75219
75170
75164
75175
75210
75173
75159
75179
75167
75197
75282
75414
75458
75591
75689
75802
75951
76084
76225
76358
76559
76760
76978
77258
77506
77725
78004
78331
78582
78937
79252
79630
79986
80361
80795
81200
81592
81989
82438
82839
83217
83659
84094
84549
84955
85409
85856
86271
86714
87214
87620
88094
88509
88933
89307
89700
90104
90517
90906
91329
91708
92125
92487
92885
93219
93561
93858
94106
94406
94748
95046
95296
95505
95736
95888
96063
