109
132
157
186
223
269
316
364
417
477
562
639
732
829
940
1065
1180
1312
1468
1648
1840
2041
2234
2455
2688
2923
3196
3497
3833
4169
4514
4854
5217
5566
5963
6362
6817
7270
7727
8188
8685
9208
9770
10305
10940
11526
12144
12787
13405
14063
14700
15283
15897
16495
17182
17862
18585
19331
19958
20603
21286
22006
22688
23355
24046
24750
25476
26207
26896
27634
28379
29109
29805
30494
31187
31833
32541
33206
33800
34437
35092
35706
36368
36964
37562
38100
38658
39186
39681
40236
40774
41272
41794
42235
42703
43126
43567
44022
44391
44850
45309
45665
46042
46470
46867
47260
47654
48076
48467
48917
49400
49844
50298
50762
51238
51697
52168
52622
53137
53587
54012
54465
54961
55465
55978
56467
57004
57538
58069
58631
59224
59742
60291
60851
61488
62165
62777
63397
64017
64647
65281
65884
66578
67224
67870
68586
69275
70033
70767
71541
72314
73055
73819
74527
75282
76051
76775
77481
78196
78944
79676
80382
81072
81772
82392
83065
83645
84194
84750
85291
85792
86259
86738
87147
87606
87965
88228
88564
88846
89063
89298
89558
89814
90003
90196
90327
90426
90565
90618
90675
90735
90765
90831
90882
90918
90919
90966
90963
90970
90963
90893
90861
90906
90853
90851
90807
90749
90706
90638
90549
90459
90404
90286
90230
90130
89947
89829
89689
89567
89444
89357
89220
89080
88941
88788
88616
88486
88321
88213
88103
87996
87861
87703
87583
87429
87295
87157
87008
86882
86721
86618
86462
86305
86124
85999
85853
85772
85680
85566
85472
85329
85207
85114
84969
84879
84761
84705
84607
84513
84462
84383
84266
84196
84122
84056
84025
83953
83920
83931
83917
83886
83855
83843
83833
83831
83830
83843
83839
83884
83887
83892
83905
83903
83899
83904
83951
83939
83944
83975
84020
84061
84103
84137
84185
84210
84254
84256
84281
84299
84305
