115
137
161
192
231
261
313
369
436
514
600
689
773
872
977
1101
1255
1408
1600
1801
2000
2224
2460
2723
2983
3290
3600
3932
4262
4659
5058
5463
5867
6268
6680
7108
7530
7957
8380
8758
9170
9606
10062
10487
10913
11340
11794
12204
12632
13060
13461
13909
14315
14733
15177
15645
16112
16561
17052
17520
18021
18545
19060
19593
20181
20748
21296
21952
22612
23257
23925
24650
25340
26037
26718
27382
28085
28802
29498
30174
30837
31528
32263
32919
33593
34237
34919
35557
36210
36849
37526
38178
38855
39515
40162
40851
41505
42185
42864
43541
44170
44857
45544
46231
46913
47672
48393
49107
49846
50597
51328
51999
52741
53432
54149
54870
55529
56177
56814
57469
58131
58751
59344
59977
60570
61131
61780
62354
62908
63481
64133
64781
65422
66066
66690
67293
67910
68500
69097
69637
70132
70634
71201
71720
72170
72617
73099
73556
74053
74492
74954
75417
75905
76385
76851
77283
77729
78158
78562
79006
79457
79864
80299
80711
81094
81470
81906
82273
82634
82978
83306
83612
83917
84244
84518
84776
84997
85277
85514
85693
85904
86140
86320
86457
86590
86708
86762
86865
86931
86989
87076
87157
87279
87346
87412
87428
87460
87489
87549
87565
87585
87558
87563
87555
87518
87529
87495
87452
87422
87437
87444
87443
87434
87410
87390
87394
87394
87397
87373
87378
87405
87356
87341
87356
87365
87370
87375
87440
87422
87460
87465
87522
87583
87626
87697
87750
87794
87871
87994
88043
88115
88202
88327
88456
88630
88754
88922
89075
89215
89415
89592
89774
89957
90099
90256
90441
90569
90766
90946
91110
91262
91418
91603
91759
91909
92094
92240
92395
92516
92673
92805
92911
93012
93107
93255
93339
93401
93481
93593
93671
93776
93844
93875
93928
93944
93940
93947
93965
93976
94001
93978
93957
93960
93933
93923
93876
93829
93820
93764
93726
