102
105
111
114
121
124
128
134
142
145
151
161
164
172
186
190
197
205
220
232
237
242
252
265
281
295
311
327
344
356
370
390
411
425
446
467
483
499
517
536
557
582
603
627
657
678
706
738
767
798
836
867
898
927
961
999
1031
1068
1113
1148
1186
1231
1281
1331
1384
1427
1477
1538
1602
1660
1718
1775
1836
1891
1942
1998
2065
2134
2204
2279
2333
2412
2472
2564
2633
2704
2778
2862
2943
3016
3111
3200
3289
3372
3469
3551
3639
3725
3818
3913
4024
4138
4246
4343
4471
4570
4658
4755
4877
4995
5105
5242
5388
5521
5647
5791
5943
6059
6201
6339
6476
6611
6763
6902
7053
7202
7356
7502
7678
7853
8033
8196
8357
8511
8690
8872
9023
9199
9384
9574
9740
9913
10091
10282
10462
10659
10841
11047
11249
11448
11644
11840
12030
12227
12400
12606
12830
13048
13258
13461
13648
13855
14090
14303
14523
14747
14965
15177
15421
15675
15917
16140
16380
16582
16819
17031
17249
17471
17722
17945
18180
18414
18669
18931
19166
19386
19641
19878
20121
20362
20602
20828
21070
21329
21583
21825
22060
22302
22549
22807
23073
23317
23588
23862
24138
24411
24676
24935
25156
25384
25631
25867
26119
26369
26613
26860
27111
27370
27607
27868
28102
28346
28592
28828
29084
29323
29564
29800
30053
30299
30533
30806
31041
31299
31572
31852
32102
32366
32666
32895
33160
33429
33678
33964
34241
34499
34754
35022
35315
35584
35859
36113
36371
36628
36854
37100
37353
37594
37838
38097
38346
38628
38871
39172
39460
39752
40026
40320
40593
40860
41132
41420
41704
42013
42267
42523
42833
43060
43321
43589
43890
44165
44423
44689
44965
45231
45507
45775
46037
46344
46609
46879
47141
47419
47701
47970
48231
48494
48735
49025
