103
107
112
122
127
135
141
145
151
157
163
176
183
194
202
216
224
236
244
258
270
280
290
296
311
324
337
346
361
370
386
403
417
433
450
466
483
501
521
548
570
595
625
648
669
700
730
762
788
811
845
880
918
943
976
1017
1059
1091
1137
1176
1223
1266
1312
1362
1416
1461
1501
1560
1624
1697
1758
1815
1881
1960
2029
2102
2164
2225
2302
2370
2441
2500
2572
2658
2749
2840
2924
3011
3109
3220
3321
3403
3489
3591
3688
3793
3928
4034
4142
4255
4383
4519
4646
4771
4888
5018
5131
5251
5380
5519
5645
5798
5942
6085
6226
6381
6538
6677
6839
6997
7147
7303
7472
7636
7801
7991
8180
8370
8546
8718
8912
9073
9244
9440
9632
9806
9976
10179
10368
10545
10762
10966
11165
11376
11574
11766
12006
12214
12440
12641
12867
13072
13274
13492
13733
13953
14156
14373
14576
14753
14966
15199
15361
15600
15818
16048
16294
16542
16785
17021
17256
17498
17756
18001
18229
18458
18718
18989
19209
19449
19702
19946
20184
20418
20661
20925
21178
21432
21674
21917
22168
22415
22660
22919
23180
23430
23672
23908
24168
24411
24647
24901
25145
25394
25676
25943
26195
26466
26710
26980
27238
27484
27749
27991
28246
28498
28734
28993
29276
29532
29788
30038
30311
30561
30814
31061
31289
31519
31788
32035
32302
32543
32794
33051
33326
33613
33878
34131
34383
34637
34866
35129
35367
35606
35868
36121
36379
36630
36854
37124
37349
37589
37845
38084
38320
38555
38791
39039
39314
39573
39827
40088
40363
40634
40879
41136
41408
41666
41957
42242
42519
42804
43063
43358
43645
43953
44217
44496
44790
45109
45401
45693
45993
46247
46515
46772
47030
47302
47564
47856
48099
48364
48622
48938
49195
49480
49759
49994
50288
50555
