104
106
107
111
117
123
127
132
138
147
153
162
169
177
188
194
200
205
215
225
234
238
250
261
273
280
292
309
323
342
356
374
386
395
405
420
446
468
491
514
535
565
592
608
630
664
696
736
771
812
842
886
923
964
992
1025
1060
1100
1149
1191
1241
1292
1348
1386
1443
1509
1548
1623
1690
1766
1820
1896
1974
2035
2093
2167
2251
2329
2393
2466
2555
2636
2732
2820
2912
3000
3094
3183
3281
3384
3484
3588
3705
3781
3866
3957
4057
4183
4297
4407
4524
4634
4753
4879
4987
5101
5198
5335
5476
5608
5728
5862
6004
6149
6277
6422
6560
6694
6842
6976
7131
7258
7400
7539
7689
7841
7981
8147
8307
8449
8607
8768
8961
9102
9264
9445
9619
9810
9986
10155
10341
10507
10687
10872
11062
11247
11419
11616
11808
11999
12167
12347
12533
12742
12903
13089
13268
13446
13648
13879
14067
14272
14480
14685
14910
15119
15305
15520
15747
15947
16162
16360
16563
16734
16966
17190
17433
17670
17893
18118
18321
18544
18767
19024
19270
19511
19751
19968
20196
20446
20685
20909
21161
21393
21659
21907
22122
22369
22591
22810
23032
23265
23504
23778
24007
24229
24465
24726
24979
25236
25500
25720
25972
26211
26444
26693
26941
27182
27424
27662
27917
28156
28399
28611
28829
29075
29316
29552
29769
30016
30264
30515
30768
31023
31249
31479
31748
31990
32219
32436
32692
32920
33144
33413
33662
33905
34160
34406
34639
34871
35132
35363
35606
35823
36040
36296
36499
36736
36932
37164
37410
37627
37859
38092
38298
38522
38731
38947
39151
39358
39583
39774
40026
40264
40493
40752
40989
41214
41433
41662
41901
42102
42348
42571
42815
43027
43244
43474
43713
43946
44169
44399
44606
44846
45104
45342
45585
45840
46085
46323
