100
104
108
111
117
119
121
128
130
135
139
142
154
157
166
175
180
183
194
204
215
228
238
251
266
275
293
304
312
327
336
348
365
378
388
402
415
431
450
462
474
489
509
535
542
558
579
597
623
648
667
685
702
732
754
781
817
846
879
908
936
973
1009
1045
1079
1120
1155
1193
1233
1276
1313
1357
1403
1457
1514
1562
1619
1659
1712
1775
1833
1885
1949
2013
2070
2139
2199
2270
2331
2402
2486
2562
2618
2694
2768
2843
2914
2989
3054
3142
3250
3340
3429
3523
3623
3722
3824
3929
4044
4145
4245
4354
4477
4585
4695
4817
4956
5096
5223
5366
5483
5605
5741
5896
6052
6221
6366
6526
6676
6855
7020
7186
7361
7517
7701
7890
8060
8252
8422
8594
8774
8965
9146
9363
9546
9770
9986
10164
10397
10591
10772
10965
11174
11397
11620
11833
12063
12298
12506
12717
12956
13183
13423
13668
13910
14146
14372
14597
14837
15092
15336
15588
15836
16073
16315
16548
16810
17084
17347
17619
17889
18152
18384
18627
18907
19174
19405
19688
19922
20175
20452
20702
20949
21233
21502
21768
22041
22312
22598
22861
23143
23418
23670
23927
24194
24489
24755
25029
25324
25608
25911
26175
26486
26765
27065
27320
27590
27874
28167
28475
28744
29049
29309
29572
29868
30143
30427
30687
30940
31216
31481
31772
32048
32357
32647
32919
33191
33464
33708
33976
34234
34502
34783
35073
35338
35592
35879
36143
36448
36689
36964
37261
37572
37864
38143
38473
38761
39033
39304
39600
39891
40193
40466
40797
41075
41343
41605
41887
42198
42457
42740
43004
43283
43556
43815
44071
44353
44627
44878
45152
45429
45687
45959
46233
46526
46769
47045
47277
47536
47799
48050
48334
48599
48861
49120
49328
49554
49824
50051
50271
