107
124
133
142
149
161
173
184
200
218
234
252
277
295
316
341
372
396
422
456
501
530
554
585
619
653
695
737
774
813
844
883
935
975
1031
1085
1125
1174
1213
1251
1293
1344
1403
1448
1500
1545
1593
1652
1702
1757
1814
1858
1913
1973
2021
2078
2135
2196
2258
2336
2393
2459
2523
2580
2632
2698
2763
2834
2908
2973
3046
3117
3190
3265
3346
3430
3492
3550
3631
3711
3771
3833
3906
3981
4062
4134
4200
4279
4350
4426
4488
4546
4609
4683
4762
4834
4902
4972
5036
5104
5169
5253
5331
5397
5465
5533
5606
5677
5751
5825
5895
5969
6040
6116
6186
6252
6322
6380
6459
6538
6609
6698
6778
6848
6919
7005
7102
7178
7263
7341
7437
7532
7620
7721
7796
7885
7967
8056
8134
8211
8298
8405
8502
8594
8679
8785
8864
8958
9036
9121
9214
9308
9410
9500
9576
9651
9746
9821
9913
10009
10080
10192
10255
10324
10404
10493
10576
10653
10727
10810
10880
10955
11038
11104
11190
11272
11355
11472
11555
11640
11726
11814
11909
11992
12067
12154
12249
12328
12411
12496
12569
12628
12721
12797
12864
12958
13045
13123
13200
13289
13369
13461
13535
13612
13698
13766
13831
13915
13998
14102
14179
14270
14350
14427
14493
14592
14687
14773
14874
14960
15041
15111
15197
15287
15372
15472
15563
15661
15746
15835
15932
16024
16119
16212
16299
16387
16476
16557
16628
16721
16794
16880
16976
17060
17137
17214
17270
17368
17431
17517
17598
17684
17771
17841
17895
17973
18087
18165
18230
18312
18397
18455
18511
18566
18627
18671
18731
18783
18850
18919
18980
19050
19105
19150
19201
19260
19307
19346
19438
19490
19543
19585
19632
19686
19737
19799
19863
19921
19982
20041
20106
20165
20214
20254
20309
20352
20418
20460
20496
20556
