111
121
130
135
144
155
167
184
203
216
231
246
269
286
318
343
363
388
421
449
484
508
536
571
612
648
694
723
766
818
863
909
959
1002
1051
1084
1130
1183
1228
1282
1310
1357
1393
1444
1487
1534
1587
1640
1693
1742
1786
1845
1900
1956
2020
2061
2117
2182
2238
2311
2376
2434
2496
2558
2618
2675
2743
2816
2879
2944
3014
3084
3147
3221
3293
3367
3440
3513
3578
3662
3748
3818
3897
3981
4054
4128
4216
4300
4365
4432
4496
4576
4654
4723
4792
4865
4947
5017
5075
5132
5201
5267
5314
5369
5432
5496
5558
5615
5662
5733
5787
5839
5897
5955
6004
6052
6112
6156
6220
6259
6309
6355
6415
6459
6494
6561
6607
6650
6702
6746
6796
6843
6888
6929
6974
7039
7088
7153
7202
7269
7331
7406
7471
7540
7599
7662
7724
7782
7868
7933
8004
8073
8138
8200
8267
8347
8408
8493
8554
8637
8702
8778
8863
8955
9025
9092
9178
9250
9328
9387
9452
9528
9608
9684
9746
9810
9884
9945
10019
10094
10162
10231
10308
10383
10445
10517
10582
10635
10701
10761
10822
10885
10962
11029
11078
11144
11212
11268
11329
11386
11441
11484
11561
11609
11674
11740
11806
11866
11930
11999
12052
12106
12168
12228
12282
12341
12404
12470
12520
12576
12635
12694
12758
12822
12876
12958
13019
13063
13125
13190
13252
13314
13374
13427
13497
13555
13622
13674
13735
13795
13864
13925
13984
14050
14114
14169
14220
14273
14344
14402
14470
14534
14580
14643
14702
14753
14823
14885
14940
14996
15052
15113
15179
15227
15275
15328
15387
15442
15501
15556
15607
15682
15741
15779
15813
15862
15907
15953
16015
16065
16124
16172
16211
16278
16345
16406
16460
16512
16568
16638
16697
16766
16833
16918
16983
17050
17114
17183
17253
17315
