107
120
135
152
160
179
196
218
249
273
293
326
354
382
413
453
489
539
587
634
680
726
782
828
887
940
1004
1068
1133
1205
1284
1384
1482
1584
1687
1797
1911
2030
2147
2256
2368
2501
2624
2764
2898
3038
3169
3293
3447
3593
3760
3922
4083
4245
4383
4546
4691
4845
5018
5191
5349
5512
5691
5856
6037
6219
6410
6568
6758
6952
7137
7304
7495
7689
7876
8095
8310
8524
8715
8917
9099
9312
9534
9733
9951
10146
10356
10541
10759
10999
11211
11425
11634
11836
12042
12264
12471
12653
12842
13026
13208
13407
13588
13785
13986
14191
14378
14566
14718
14870
15064
15230
15404
15573
15768
15952
16119
16307
16482
16651
16809
16994
17161
17319
17472
17647
17810
17977
18130
18308
18474
18619
18800
18962
19133
19311
19501
19673
19811
19973
20151
20316
20484
20674
20855
21030
21236
21418
21596
21782
21983
22163
22355
22514
22688
22876
23033
23218
23397
23570
23750
23939
24146
24343
24516
24688
24851
25013
25183
25366
25550
25712
25905
26093
26255
26435
26610
26759
26920
27082
27235
27393
27550
27688
27837
28002
28172
28328
28457
28567
28725
28871
28991
29151
29300
29450
29557
29707
29841
29982
30143
30272
30404
30548
30672
30808
30952
31112
31242
31364
31499
31610
31723
31856
31982
32131
32253
32411
32553
32696
32860
33023
33178
33341
33504
33677
33832
33994
34162
34340
34506
34668
34852
35035
35190
35362
35522
35693
35863
36018
36204
36378
36558
36700
36878
37010
37149
37301
37471
37615
37778
37920
38063
38223
38370
38514
38655
38814
38970
39117
39278
39441
39581
39700
39821
39961
40096
40228
40367
40494
40652
40777
40885
40981
41094
41221
41339
41485
41631
41752
41901
42021
42169
42323
42439
42549
42656
42766
42890
43006
43112
43231
43317
43435
43570
43701
43825
43932
44058
44177
