111
128
149
168
194
226
252
283
320
351
387
433
475
538
590
642
697
755
815
864
921
990
1045
1110
1167
1228
1276
1336
1376
1416
1459
1499
1531
1553
1581
1609
1633
1658
1689
1718
1736
1760
1779
1795
1813
1834
1851
1862
1878
1896
1912
1934
1958
1975
1999
2024
2049
2074
2106
2131
2160
2193
2218
2254
2289
2322
2358
2389
2414
2447
2486
2514
2543
2582
2627
2666
2710
2741
2770
2812
2857
2896
2934
2975
3014
3051
3095
3135
3188
3230
3275
3317
3356
3391
3438
3476
3512
3546
3577
3612
3650
3683
3722
3753
3791
3836
3874
3915
3959
4003
4059
4109
4148
4193
4227
4281
4320
4364
4413
4464
4511
4554
4608
4657
4705
4757
4819
4863
4902
4942
4978
5014
5058
5090
5121
5163
5194
5226
5266
5300
5335
5378
5414
5456
5510
5549
5585
5617
5666
5708
5748
5781
5816
5843
5879
5910
5945
5984
6021
6056
6091
6119
6155
6190
6217
6257
6288
6325
6363
6390
6418
6451
6494
6526
6571
6616
6645
6683
6724
6763
6804
6851
6905
6948
6985
7024
7068
7103
7143
7190
7226
7265
7302
7334
7372
7402
7445
7468
7494
7535
7572
7607
7644
7683
7714
7762
7794
7824
7856
7905
7939
7977
8027
8075
8114
8155
8201
8247
8308
8344
8397
8455
8508
8568
8629
8694
8742
8781
8839
8889
8954
9018
9071
9120
9175
9217
9260
9318
9367
9416
9465
9517
9567
9622
9677
9731
9789
9839
9885
9923
9970
10012
10058
10091
10128
10184
10210
10253
10278
10307
10350
10381
10415
10441
10463
10497
10536
10558
10588
10609
10630
10652
10661
10678
10693
10705
10726
10748
10776
10799
10832
10857
10890
10919
10948
10977
11013
11046
11079
11122
11152
11190
11231
11271
11312
11351
11379
11406
11434
11477
