111
125
138
152
170
199
226
250
280
315
358
397
444
486
543
597
643
692
751
801
858
913
966
1031
1086
1142
1201
1262
1313
1382
1450
1526
1585
1660
1729
1789
1858
1925
1992
2061
2116
2177
2236
2299
2366
2435
2493
2544
2615
2659
2700
2750
2805
2849
2911
2965
3016
3061
3103
3141
3177
3237
3278
3323
3366
3412
3455
3484
3528
3579
3634
3683
3724
3793
3851
3915
3983
4048
4120
4191
4265
4360
4425
4500
4566
4646
4726
4800
4875
4949
5031
5100
5168
5244
5302
5369
5434
5499
5559
5626
5682
5744
5808
5888
5967
6028
6097
6159
6244
6328
6401
6461
6534
6623
6719
6804
6881
6974
7055
7132
7207
7278
7356
7436
7493
7568
7645
7696
7758
7825
7887
7937
8006
8058
8121
8188
8254
8317
8389
8461
8542
8609
8677
8750
8811
8882
8956
9018
9081
9148
9218
9283
9343
9416
9470
9523
9584
9636
9699
9749
9792
9857
9904
9954
9999
10036
10075
10123
10155
10189
10228
10258
10295
10323
10359
10392
10431
10457
10502
10542
10586
10638
10680
10719
10768
10816
10854
10899
10941
10981
11018
11067
11106
11143
11183
11232
11285
11326
11385
11426
11483
11532
11581
11644
11693
11737
11781
11827
11879
11924
11976
12033
12070
12107
12148
12176
12205
12237
12265
12301
12330
12369
12404
12429
12464
12501
12530
12557
12606
12652
12709
12749
12809
12880
12935
12999
13067
13123
13173
13230
13278
13328
13380
13420
13468
13529
13586
13638
13685
13737
13778
13815
13851
13905
13940
13986
14022
14053
14097
14142
14181
14218
14254
14303
14344
14390
14442
14484
14540
14577
14632
14674
14723
14773
14809
14857
14917
14982
15039
15108
15146
15203
15278
15334
15379
15431
15480
15551
15597
15650
15713
15759
15804
15856
15921
15983
16024
16085
16151
16228
