112
125
143
158
185
213
241
279
315
358
400
444
503
570
624
684
735
779
835
893
953
1009
1059
1101
1149
1215
1281
1344
1399
1459
1513
1569
1620
1678
1736
1787
1843
1890
1939
1982
2025
2070
2110
2152
2201
2239
2282
2320
2363
2403
2448
2495
2536
2578
2618
2667
2716
2753
2789
2834
2860
2895
2936
2965
3008
3032
3064
3101
3138
3171
3210
3257
3293
3330
3375
3418
3465
3506
3543
3586
3622
3662
3702
3732
3785
3827
3876
3931
3978
4040
4108
4158
4215
4274
4339
4399
4451
4507
4580
4630
4699
4757
4820
4870
4917
4960
5024
5092
5144
5191
5230
5288
5332
5377
5435
5479
5520
5568
5612
5666
5723
5768
5812
5884
5940
6006
6072
6154
6220
6282
6359
6428
6516
6592
6664
6757
6848
6928
7001
7073
7136
7197
7252
7312
7365
7418
7468
7515
7570
7620
7680
7733
7763
7830
7888
7955
8020
8092
8157
8215
8277
8323
8395
8457
8527
8605
8658
8737
8790
8854
8911
8963
9033
9098
9152
9215
9280
9346
9412
9471
9525
9597
9645
9692
9745
9793
9833
9881
9934
9978
10030
10092
10139
10182
10223
10261
10306
10343
10389
10431
10490
10543
10593
10642
10710
10782
10850
10922
10992
11063
11135
11208
11284
11354
11424
11508
11584
11646
11723
11808
11874
11981
12087
12192
12296
12394
12503
12601
12698
12793
12866
12953
13066
13150
13226
13310
13383
13472
13560
13636
13711
13788
13856
13919
14006
14104
14182
14257
14326
14401
14455
14517
14574
14633
14694
14753
14811
14853
14894
14943
14991
15031
15070
15108
15149
15193
15235
15270
15306
15349
15406
15437
15482
15523
15572
15611
15653
15699
15734
15773
15828
15875
15917
15985
16031
16071
16129
16182
16228
16284
16341
16384
16431
16467
16512
16552
16595
16622
16644
16691
