113
125
134
146
160
180
195
218
235
257
271
304
328
371
405
436
480
526
566
614
662
727
792
857
926
998
1075
1148
1235
1323
1410
1505
1591
1699
1815
1932
2050
2165
2306
2420
2558
2710
2859
2999
3161
3323
3484
3670
3881
4058
4285
4507
4730
4930
5169
5407
5684
5950
6226
6527
6838
7134
7436
7764
8109
8425
8754
9043
9373
9725
10081
10453
10786
11122
11468
11763
12109
12463
12795
13137
13435
13787
14131
14463
14793
15107
15470
15800
16123
16460
16787
17124
17442
17750
18062
18371
18687
19014
19332
19644
19980
20297
20590
20909
21220
21532
21849
22175
22485
22810
23119
23426
23757
24091
24435
24764
25083
25413
25738
26037
26351
26678
27018
27322
27660
27975
28289
28605
28912
29226
29550
29834
30147
30432
30716
30996
31286
31583
31870
32117
32402
32665
32963
33225
33488
33738
33996
34256
34505
34763
34996
35248
35503
35777
36031
36290
36560
36820
37075
37336
37574
37835
38077
38320
38560
38801
39035
39287
39551
39792
40038
40311
40566
40795
41069
41298
41583
41854
42118
42415
42701
42999
43308
43601
43903
44194
44498
44856
45187
45508
45786
46120
46450
46780
47082
47403
47751
48085
48452
48799
49147
49452
49777
50097
50449
50778
51100
51428
51771
52072
52423
52766
53071
53390
53687
54006
54322
54634
54924
55218
55473
55784
56091
56399
56682
56972
57250
57494
57769
58065
58344
58603
58908
59136
59412
59684
59946
60210
60451
60700
60937
61170
61393
61655
61899
62109
62325
62529
62760
62983
63213
63407
63630
63830
64031
64240
64437
64612
64795
64931
65100
65276
65418
65611
65772
65936
66093
66278
66458
66601
66767
66925
67060
67172
67305
67446
67559
67703
67836
67964
68105
68259
68366
68513
68599
68741
68861
68999
69092
69209
69319
69439
69532
69615
69702
69778
69880
69981
70037
70122
