102
109
116
130
147
160
177
205
230
256
281
313
347
386
419
455
504
541
575
628
668
721
770
824
887
942
1011
1081
1167
1253
1327
1403
1485
1584
1669
1767
1860
1953
2051
2155
2264
2402
2512
2667
2802
2959
3116
3289
3450
3607
3777
3954
4141
4324
4503
4688
4881
5098
5298
5496
5668
5876
6099
6303
6517
6730
6939
7166
7370
7594
7806
8026
8250
8445
8664
8866
9065
9242
9442
9638
9848
10068
10301
10542
10757
10963
11203
11416
11648
11887
12110
12355
12582
12825
13097
13353
13637
13904
14152
14402
14671
14935
15230
15495
15781
16082
16370
16634
16922
17180
17463
17767
18068
18363
18709
19069
19384
19693
19996
20306
20642
20972
21301
21648
22004
22334
22694
23022
23359
23689
24040
24352
24693
25040
25414
25759
26113
26425
26805
27200
27556
27935
28307
28677
29049
29427
29803
30191
30541
30948
31338
31704
32068
32448
32819
33195
33554
33934
34386
34750
35098
35483
35848
36235
36628
37045
37389
37737
38118
38543
38949
39338
39727
40151
40533
40933
41320
41729
42145
42574
42996
43381
43792
44206
44602
45002
45392
45781
46156
46560
46993
47371
47724
48045
48394
48775
49119
49490
49827
50176
50523
50853
51199
51540
51862
52217
52554
52874
53249
53579
53865
54147
54445
54736
55007
55271
55575
55828
56086
56343
56598
56838
57052
57338
57550
57741
57941
58160
58371
58561
58759
58956
59140
59305
59484
59665
59828
60016
60185
60361
60542
60693
60857
61020
61171
61311
61439
61591
61736
61865
62018
62201
62348
62483
62654
62797
62947
63086
63239
63381
63565
63702
63839
64000
64130
64273
64434
64598
64710
64847
64981
65110
65235
65358
65479
65584
65706
65811
65916
66055
66156
66253
66367
66484
66590
66696
66785
66860
66942
67007
67094
67172
67270
67344
67416
67492
67566
67663
67746
67811
