112
118
132
142
159
176
195
213
239
264
295
318
358
386
421
456
488
535
584
634
681
732
783
838
901
963
1024
1095
1160
1247
1332
1408
1484
1557
1636
1739
1830
1929
2029
2123
2223
2324
2425
2544
2648
2769
2891
3037
3149
3298
3445
3584
3730
3895
4033
4202
4341
4501
4672
4812
4959
5105
5265
5421
5586
5755
5903
6087
6270
6441
6620
6788
6948
7146
7311
7495
7665
7844
8029
8221
8384
8571
8769
8928
9102
9310
9503
9703
9903
10098
10291
10493
10689
10872
11070
11284
11488
11676
11861
12065
12259
12471
12683
12911
13121
13306
13511
13716
13890
14131
14339
14522
14720
14932
15138
15368
15540
15742
15927
16114
16312
16512
16705
16905
17103
17273
17452
17640
17829
17997
18166
18332
18495
18674
18839
18998
19167
19356
19539
19710
19862
20038
20186
20322
20475
20654
20814
20965
21101
21248
21369
21525
21683
21832
21976
22112
22252
22399
22528
22683
22831
22970
23120
23262
23367
23499
23639
23772
23931
24057
24187
24311
24448
24603
24761
24910
25066
25206
25351
25488
25633
25784
25943
26090
26247
26448
26623
26835
27001
27212
27384
27574
27771
27945
28088
28271
28447
28628
28788
28965
29150
29319
29482
29656
29829
30010
30185
30387
30554
30766
30935
31102
31263
31446
31587
31740
31918
32089
32260
32418
32547
32706
32860
32997
33147
33281
33416
33557
33687
33830
33975
34130
34253
34361
34506
34616
34715
34825
34942
35053
35140
35212
35313
35405
35477
35569
35663
35730
35789
35854
35915
35981
36035
36094
36134
36204
36269
36324
36366
36385
36413
36473
36542
36580
36585
36602
36646
36658
36689
36728
36756
36760
36774
36786
36796
36797
36813
36817
36812
36821
36825
36847
36839
36871
36889
36898
36919
36931
36941
36952
36960
36983
36983
36985
36959
36961
36945
36919
36895
36873
