110
122
133
147
156
167
179
199
216
234
253
278
304
332
360
402
436
472
516
564
611
670
725
777
851
907
958
1031
1095
1170
1256
1339
1418
1515
1603
1712
1792
1888
1996
2125
2252
2361
2491
2613
2763
2903
3040
3195
3343
3497
3633
3774
3923
4100
4276
4456
4641
4805
4994
5183
5360
5538
5738
5914
6117
6290
6470
6682
6878
7082
7266
7437
7628
7816
8023
8210
8420
8587
8774
8942
9153
9343
9582
9768
9955
10167
10382
10573
10773
10977
11172
11391
11609
11814
12028
12265
12504
12720
12948
13186
13404
13624
13858
14096
14318
14568
14835
15092
15390
15650
15930
16180
16458
16742
17004
17284
17571
17829
18079
18356
18618
18867
19136
19409
19686
19968
20284
20539
20776
21038
21288
21575
21831
22117
22408
22681
22946
23208
23457
23738
24025
24326
24588
24846
25128
25377
25623
25886
26119
26378
26606
26860
27096
27316
27560
27799
28040
28281
28490
28762
28959
29187
29422
29639
29861
30069
30281
30503
30731
30942
31131
31351
31549
31724
31889
32070
32242
32407
32578
32726
32886
33041
33205
33344
33511
33653
33801
33966
34066
34197
34335
34442
34565
34693
34819
34904
35003
35104
35225
35341
35430
35529
35629
35720
35813
35904
35984
36066
36156
36248
36320
36391
36476
36550
36641
36702
36779
36841
36901
36966
37040
37113
37170
37238
37328
37407
37464
37525
37600
37699
37771
37852
37940
38013
38107
38176
38263
38382
38489
38599
38719
38842
38955
39069
39175
39317
39473
39625
39767
39920
40072
40228
40378
40530
40699
40863
41026
41210
41394
41572
41777
41960
42158
42361
42557
42768
42959
43165
43345
43533
43763
43971
44210
44442
44686
44909
45126
45374
45615
45846
46045
46269
46515
46740
46992
47239
47480
47703
47928
48123
48371
48627
48851
49087
49316
49553
49758
49983
50207
50444
