109
120
130
140
151
169
185
206
217
243
264
287
309
347
377
405
442
481
523
562
613
668
728
801
877
946
1017
1100
1184
1272
1354
1445
1532
1624
1728
1822
1923
2056
2211
2362
2493
2634
2778
2924
3080
3255
3434
3621
3794
3990
4192
4373
4574
4779
4998
5190
5382
5595
5802
6032
6265
6476
6686
6907
7178
7415
7667
7884
8118
8347
8559
8792
9043
9264
9497
9728
9959
10213
10458
10708
10965
11216
11479
11725
11972
12210
12434
12693
12943
13186
13481
13720
14001
14266
14528
14766
15067
15356
15633
15891
16139
16387
16642
16934
17209
17501
17774
18083
18374
18665
18957
19277
19612
19891
20208
20513
20805
21105
21387
21665
21975
22249
22561
22828
23138
23416
23696
24000
24283
24560
24826
25130
25375
25659
25921
26192
26460
26754
27007
27252
27539
27811
28062
28304
28544
28789
29039
29280
29525
29711
29943
30167
30360
30579
30791
30979
31156
31295
31486
31672
31837
32006
32186
32336
32486
32653
32791
32951
33111
33268
33424
33566
33692
33827
33971
34114
34249
34382
34505
34648
34802
34927
35039
35184
35303
35436
35554
35682
35815
35948
36064
36190
36305
36428
36574
36714
36832
36989
37126
37256
37404
37532
37670
37813
37968
38153
38313
38463
38609
38731
38884
39017
39191
39327
39466
39606
39774
39946
40101
40290
40459
40649
40821
40990
41158
41354
41553
41755
41960
42176
42368
42569
42807
43070
43304
43523
43710
43975
44223
44467
44712
44919
45140
45370
45609
45842
46069
46274
46472
46705
46953
47181
47375
47605
47834
48066
48308
48542
48769
48942
49132
49326
49518
49699
49937
50145
50362
50566
50742
50914
51084
51258
51409
51604
51794
51954
52137
52288
52441
52583
52693
52857
53019
53147
53269
53389
53514
53623
53760
53898
54013
54110
54205
54318
54392
54469
54554
54614
54707
54769
