113
135
167
197
235
270
319
374
433
491
553
641
725
836
942
1049
1173
1306
1466
1651
1842
2035
2230
2460
2693
2935
3182
3436
3704
3986
4277
4577
4868
5148
5463
5803
6133
6469
6828
7168
7536
7930
8318
8709
9138
9557
10004
10427
10867
11296
11721
12147
12620
13069
13504
13956
14404
14857
15284
15711
16124
16519
16915
17347
17751
18111
18566
18999
19396
19808
20164
20528
20886
21258
21629
21969
22292
22649
22975
23279
23634
23953
24273
24638
24973
25362
25747
26115
26527
26921
27265
27656
28045
28435
28837
29246
29636
30040
30445
30837
31247
31654
32044
32511
32944
33370
33829
34269
34731
35131
35560
35997
36417
36850
37251
37663
38090
38487
38924
39351
39752
40158
40566
41035
41471
41889
42301
42703
43127
43528
43916
44305
44658
45057
45458
45816
46185
46533
46871
47209
47560
47925
48233
48581
48849
49152
49467
49728
49992
50249
50503
50790
50980
51157
51331
51492
51692
51853
51998
52102
52394
52663
52953
53176
53375
53597
53789
53947
54157
54268
54411
54521
54658
54760
54838
54876
54956
55028
55077
55143
55182
55184
55190
55226
55263
55294
55277
55259
55246
55180
55160
55110
55029
55028
54982
54937
54910
54849
54762
54743
54663
54583
54502
54406
54341
54255
54168
54085
54021
53950
53899
53838
53773
53709
53633
53578
53528
53448
53382
53341
53300
53263
53201
53164
53112
53046
53008
52957
52928
52900
52850
52813
52765
52706
52633
52591
52561
52527
52462
52466
52417
52395
52362
52324
52295
52264
52237
52197
52153
52131
52103
52088
52052
52027
52011
51976
51924
51910
51882
51844
51813
51762
51746
51711
51676
51655
51641
51614
51588
51548
51534
51518
51501
51480
51458
51466
51451
51433
51408
51410
51396
51398
51389
51381
51384
51376
51375
51356
51338
51336
51329
51317
51303
51328
51320
51326
51331
51347
51371
51373
