115
137
159
193
233
284
334
403
471
557
632
728
842
943
1070
1212
1359
1546
1722
1911
2125
2344
2544
2788
3020
3276
3550
3828
4089
4406
4703
5008
5308
5661
6001
6344
6680
7077
7495
7899
8357
8833
9369
9920
10467
11075
11749
12426
13153
13866
14602
15331
16054
16787
17555
18281
19009
19720
20448
21156
21948
22641
23379
24027
24668
25297
25926
26538
27163
27805
28454
29083
29682
30316
30902
31477
32098
32726
33316
33917
34516
35116
35675
36209
36729
37270
37770
38252
38861
39342
39831
40322
40812
41272
41773
42284
42771
43275
43717
44151
44560
44960
45387
45728
46068
46371
46704
47014
47272
47516
47768
48019
48238
48482
48693
48892
49107
49311
49486
49661
49851
50045
50213
50384
50538
50673
50806
50971
51145
51313
51470
51619
51783
51916
52052
52196
52337
52441
52567
52707
52868
53029
53182
53323
53451
53600
53734
53900
54084
54236
54400
54590
54772
54982
55191
55442
55695
55927
56197
56508
56831
57196
57579
57992
58451
58928
59373
59928
60458
61024
61646
62263
62962
63649
64390
65137
65912
66726
67546
68324
69098
69857
70684
71574
72431
73320
74128
74959
75757
76542
77334
78008
78661
79283
79865
80417
80933
81444
81919
82393
82812
83248
83629
83998
84358
84673
84956
85252
85526
85761
86029
86288
86450
86595
86740
86847
86979
87052
87159
87268
87389
87465
87571
87629
87651
87668
87675
87633
87626
87628
87579
87527
87519
87522
87518
87517
87515
87523
87558
87592
87634
87635
87710
87763
87808
87937
88045
88151
88279
88457
88593
88737
88932
89132
89356
89584
89821
90051
90316
90579
90810
91010
91193
91461
91722
92004
92299
92579
92818
93081
93337
93609
93833
94132
94403
94617
94892
95155
95382
95586
95792
95979
96253
96436
96630
96834
96971
97183
97310
97420
97570
97732
97865
98012
98156
98204
98328
98427
98577
98653
