113
136
168
205
253
302
359
435
509
582
681
785
906
1023
1186
1357
1530
1747
1955
2198
2434
2677
2940
3210
3453
3744
4008
4299
4618
4894
5180
5459
5756
6085
6424
6756
7087
7425
7792
8125
8494
8872
9239
9566
9948
10288
10662
11065
11416
11790
12124
12503
12881
13265
13608
13987
14354
14713
15165
15557
15970
16414
16848
17339
17847
18334
18818
19294
19809
20323
20812
21280
21776
22232
22688
23180
23630
24135
24587
25062
25539
26053
26535
27035
27559
28029
28498
29051
29549
30065
30563
31083
31624
32152
32671
33189
33760
34300
34843
35385
35910
36440
36966
37501
37992
38510
39002
39479
39990
40492
41020
41486
41974
42433
42916
43387
43896
44429
44913
45478
46060
46598
47233
47834
48453
49095
49730
50381
51036
51732
52521
53243
54028
54818
55674
56447
57273
58067
58896
59733
60589
61416
62264
63072
63928
64727
65563
66404
67233
68026
68874
69679
70481
71295
72106
72873
73597
74307
75073
75980
76901
77732
78527
79328
80023
80672
81315
81870
82420
82952
83442
83845
84266
84676
85037
85388
85706
85987
86247
86527
86736
86925
87092
87227
87361
87472
87577
87627
87681
87654
87708
87665
87643
87632
87569
87461
87429
87330
87249
87170
87065
86846
86676
86470
86274
86127
85919
85782
85665
85505
85325
85136
84970
84814
84654
84545
84359
84199
84055
83912
83752
83639
83506
83365
83199
83043
82904
82800
82678
82557
82465
82361
82233
82133
81998
81898
81822
81747
81637
81503
81427
81337
81258
81207
81117
81031
80931
80839
80719
80648
80608
80535
80457
80410
80346
80280
80227
80183
80112
80061
79998
79926
79845
79769
79713
79652
79577
79532
79466
79403
79367
79320
79244
79183
79120
79071
78974
78912
78837
78776
78721
78633
78555
78508
78475
78436
78388
78339
78292
78263
78227
78154
78101
78052
77978
77939
77912
77874
77839
77805
