106
110
113
118
125
134
143
154
164
170
185
198
205
221
235
249
264
290
311
331
358
381
407
435
459
489
525
556
598
636
680
721
771
815
863
908
965
1013
1066
1120
1160
1215
1266
1324
1382
1448
1507
1561
1628
1689
1744
1804
1845
1926
1997
2054
2110
2170
2225
2286
2338
2389
2447
2491
2552
2602
2677
2735
2792
2859
2909
2963
3013
3053
3107
3169
3226
3281
3336
3389
3444
3502
3541
3589
3630
3673
3722
3768
3809
3843
3883
3913
3955
3995
4043
4072
4106
4137
4169
4193
4227
4261
4289
4327
4353
4385
4409
4434
4462
4492
4522
4547
4579
4610
4640
4671
4696
4726
4757
4783
4816
4854
4877
4911
4938
4977
5016
5045
5073
5119
5159
5195
5227
5274
5314
5351
5388
5437
5465
5497
5546
5594
5640
5692
5739
5798
5860
5914
5976
6039
6112
6170
6241
6302
6378
6450
6522
6604
6660
6732
6792
6842
6910
6968
7039
7113
7168
7233
7300
7357
7417
7485
7567
7624
7703
7768
7821
7881
7945
8003
8065
8129
8191
8259
8327
8392
8451
8508
8590
8651
8712
8761
8819
8885
8952
9025
9094
9164
9232
9310
9386
9455
9525
9614
9693
9770
9838
9906
9974
10036
10112
10190
10266
10335
10399
10472
10554
10609
10697
10758
10826
10896
10959
11016
11082
11144
11209
11262
11317
11379
11427
11488
11565
11630
11686
11735
11793
11842
11905
11970
12040
12081
12138
12203
12272
12331
12395
12445
12505
12559
12604
12657
12707
12762
12820
12867
12919
12984
13046
13108
13167
13217
13280
13343
13414
13491
13580
13658
13720
13781
13849
13906
13967
14046
14118
14181
14247
14297
14370
14439
14505
14590
14649
14720
14785
14863
14921
14982
15045
15103
15170
15235
15313
15379
15456
15525
15598
15670
15720
15786
