105
110
114
119
122
128
137
142
147
164
176
196
209
221
235
246
260
274
294
317
342
364
391
411
435
457
485
521
558
584
606
639
673
705
744
770
810
851
885
924
961
1005
1054
1095
1134
1173
1226
1269
1331
1381
1422
1477
1539
1600
1647
1697
1746
1798
1849
1896
1947
2002
2063
2119
2163
2214
2277
2332
2389
2445
2512
2562
2627
2684
2746
2808
2870
2925
2985
3045
3103
3167
3237
3302
3367
3436
3511
3575
3641
3712
3786
3863
3942
4020
4118
4196
4269
4348
4428
4500
4572
4658
4753
4838
4920
5006
5097
5185
5280
5358
5451
5529
5623
5710
5799
5895
5983
6068
6162
6249
6332
6423
6513
6606
6704
6786
6874
6973
7060
7147
7248
7316
7404
7485
7581
7659
7736
7828
7928
8000
8079
8161
8233
8313
8400
8479
8561
8633
8702
8770
8840
8921
8988
9077
9155
9224
9297
9389
9481
9555
9644
9732
9810
9880
9981
10055
10135
10202
10302
10390
10458
10545
10642
10719
10802
10875
10958
11035
11109
11177
11257
11326
11389
11468
11540
11604
11685
11770
11866
11960
12035
12108
12177
12264
12350
12419
12505
12587
12666
12745
12847
12919
13003
13083
13161
13257
13322
13395
13484
13563
13641
13703
13772
13860
13941
14027
14120
14182
14281
14360
14464
14546
14645
14729
14809
14891
14976
15072
15141
15241
15343
15429
15520
15608
15708
15794
15885
15973
16053
16132
16191
16269
16353
16444
16522
16611
16686
16750
16843
16922
17006
17107
17194
17274
17357
17451
17532
17603
17675
17760
17855
17933
18011
18098
18180
18241
18312
18407
18487
18570
18651
18729
18821
18897
18968
19036
19093
19172
19245
19310
19369
19414
19477
19536
19589
19670
19727
19815
19878
19944
20040
20121
20184
20255
20312
20383
20432
20503
20568
20631
