104
114
121
130
138
144
153
164
174
190
199
213
228
239
260
281
306
319
350
385
419
470
512
561
607
663
723
769
813
863
924
972
1022
1076
1136
1194
1259
1326
1383
1450
1524
1591
1661
1728
1799
1866
1923
1979
2051
2120
2184
2246
2293
2341
2396
2462
2512
2555
2608
2659
2705
2775
2838
2893
2952
3018
3073
3138
3186
3235
3287
3342
3404
3470
3525
3579
3641
3686
3746
3801
3866
3930
3984
4019
4073
4122
4180
4234
4291
4346
4390
4444
4501
4554
4603
4650
4719
4772
4827
4889
4947
4999
5049
5098
5148
5204
5272
5334
5387
5461
5523
5583
5650
5716
5790
5852
5924
5996
6076
6157
6229
6301
6373
6434
6483
6554
6628
6682
6743
6811
6880
6935
7004
7067
7134
7213
7285
7340
7420
7492
7565
7624
7691
7757
7827
7899
7967
8021
8087
8135
8200
8255
8307
8369
8439
8486
8535
8585
8648
8701
8751
8798
8847
8905
8960
9024
9078
9129
9173
9240
9301
9352
9405
9460
9517
9568
9629
9675
9754
9847
9923
9994
10054
10123
10187
10262
10357
10444
10518
10593
10685
10760
10848
10922
10999
11069
11139
11201
11277
11365
11438
11525
11610
11700
11782
11857
11949
12033
12115
12208
12280
12354
12415
12484
12553
12621
12692
12744
12808
12855
12935
12998
13054
13122
13194
13239
13314
13382
13436
13481
13545
13598
13662
13715
13788
13834
13909
13976
14022
14079
14143
14190
14241
14288
14351
14398
14455
14507
14570
14634
14701
14764
14820
14880
14945
15011
15076
15152
15231
15313
15383
15453
15503
15575
15623
15697
15766
15822
15878
15941
15989
16048
16115
16163
16221
16292
16359
16435
16489
16551
16620
16704
16769
16842
16901
16986
17066
17135
17234
17315
17395
17467
17534
17603
17678
17776
17848
17926
18001
18087
