107
113
117
127
143
154
166
171
180
190
200
217
227
240
259
281
292
308
332
360
389
414
441
469
503
546
586
634
678
729
768
813
855
902
967
1013
1052
1105
1144
1185
1232
1280
1330
1370
1422
1462
1506
1538
1593
1641
1704
1744
1795
1848
1904
1953
2003
2068
2120
2180
2222
2287
2343
2408
2465
2530
2594
2643
2704
2756
2832
2885
2950
3015
3096
3163
3239
3304
3370
3445
3522
3587
3655
3735
3794
3874
3932
4009
4096
4157
4219
4292
4361
4438
4503
4579
4653
4712
4778
4842
4905
4963
5037
5100
5176
5237
5294
5365
5427
5489
5546
5611
5672
5718
5776
5834
5894
5962
6017
6079
6136
6184
6241
6290
6344
6399
6452
6511
6557
6589
6643
6684
6722
6759
6801
6839
6885
6931
6973
7008
7056
7096
7147
7188
7234
7273
7319
7354
7382
7420
7447
7467
7509
7541
7566
7601
7631
7658
7682
7706
7737
7770
7807
7857
7893
7923
7967
8004
8039
8082
8119
8157
8205
8253
8295
8335
8378
8414
8471
8519
8569
8628
8678
8748
8792
8840
8894
8952
9025
9081
9143
9198
9267
9340
9402
9465
9527
9606
9665
9727
9791
9860
9919
10001
10054
10131
10193
10268
10347
10409
10481
10556
10631
10698
10776
10839
10923
11003
11069
11125
11189
11252
11310
11370
11459
11537
11600
11669
11727
11789
11857
11930
12006
12069
12127
12206
12275
12339
12432
12521
12598
12669
12747
12832
12909
12987
13063
13136
13190
13256
13322
13392
13455
13519
13576
13660
13723
13800
13875
13930
13976
14026
14088
14162
14213
14263
14306
14351
14399
14453
14503
14551
14598
14630
14688
14747
14789
14840
14876
14922
14963
15003
15053
15091
15142
15177
15229
15283
15332
15382
15437
15494
15568
15636
15691
15744
15796
15872
15944
16019
