103
105
108
112
120
123
124
127
131
136
138
142
145
149
156
160
169
178
183
194
199
206
216
225
233
245
251
258
270
282
290
298
313
325
338
348
364
382
393
404
421
438
449
462
481
491
511
530
553
570
588
607
624
650
669
698
723
750
785
812
836
861
890
912
931
950
980
1014
1044
1081
1108
1148
1184
1225
1249
1279
1319
1356
1383
1426
1458
1500
1540
1578
1619
1674
1717
1764
1808
1850
1891
1947
1983
2032
2084
2140
2188
2238
2280
2326
2363
2417
2470
2526
2586
2651
2715
2779
2826
2900
2965
3019
3086
3147
3212
3268
3328
3382
3439
3499
3555
3622
3685
3754
3826
3885
3958
4037
4104
4179
4254
4331
4402
4470
4536
4622
4703
4783
4871
4950
5041
5099
5172
5240
5308
5378
5468
5533
5619
5700
5776
5859
5935
6028
6102
6186
6275
6369
6448
6532
6608
6696
6774
6859
6942
7033
7124
7198
7285
7366
7464
7565
7683
7757
7855
7936
8029
8107
8197
8287
8371
8452
8548
8650
8742
8836
8934
9021
9114
9220
9300
9380
9466
9578
9678
9776
9894
9990
10080
10178
10265
10353
10456
10569
10667
10754
10848
10933
11032
11119
11225
11322
11429
11539
11636
11732
11833
11926
12032
12136
12243
12326
12430
12545
12649
12750
12852
12944
13047
13146
13265
13366
13472
13569
13661
13749
13850
13945
14037
14139
14231
14328
14417
14508
14615
14706
14791
14883
14999
15094
15191
15296
15397
15511
15602
15711
15803
15873
15989
16089
16189
16281
16389
16484
16604
16686
16775
16864
16956
17065
17166
17248
17346
17423
17504
17611
17714
17801
17887
17977
18056
18158
18249
18319
18412
18514
18591
18689
18773
18869
18961
19040
19118
19215
19298
19405
19495
19581
19665
19745
