102
105
107
110
113
118
124
131
133
136
139
143
146
153
155
159
163
166
169
177
181
187
195
203
211
221
230
243
251
258
266
273
287
298
307
320
333
342
356
370
393
407
421
435
450
472
482
495
510
531
547
562
580
599
617
643
660
682
703
729
755
794
816
852
868
896
938
965
1002
1028
1057
1085
1118
1152
1189
1237
1278
1318
1364
1398
1427
1477
1522
1568
1616
1663
1704
1753
1806
1845
1885
1927
1993
2044
2086
2124
2171
2218
2261
2312
2359
2413
2458
2513
2567
2616
2673
2721
2763
2826
2868
2917
2976
3042
3092
3152
3220
3264
3325
3395
3456
3513
3563
3620
3670
3722
3774
3833
3888
3949
4004
4069
4127
4196
4258
4330
4406
4468
4526
4584
4636
4700
4780
4839
4903
4969
5035
5115
5181
5237
5315
5401
5473
5541
5600
5669
5735
5803
5867
5945
6016
6062
6130
6187
6242
6310
6384
6450
6526
6587
6645
6715
6760
6825
6892
6958
7028
7078
7127
7195
7266
7321
7371
7444
7500
7580
7651
7722
7771
7821
7880
7957
8028
8083
8158
8230
8300
8352
8404
8461
8527
8576
8636
8686
8749
8798
8864
8924
8985
9061
9139
9217
9276
9340
9419
9487
9535
9611
9683
9734
9796
9859
9908
9966
10020
10070
10123
10176
10219
10277
10331
10376
10432
10475
10519
10573
10619
10671
10719
10768
10813
10865
10907
10965
10992
11057
11113
11171
11203
11241
11302
11334
11366
11435
11483
11531
11584
11639
11690
11758
11805
11842
11879
11931
11978
12029
12077
12135
12194
12254
12302
12351
12398
12460
12525
12572
12628
12683
12733
12794
12849
12918
12982
13026
13070
13130
13171
13216
13270
13331
13378
13452
13507
13566
13619
13669
13722
13758
13821
13877
