101
104
105
106
107
111
117
122
124
127
132
139
146
153
161
168
172
179
181
193
200
209
220
232
237
243
251
259
265
278
286
297
308
317
327
340
352
360
368
375
389
401
418
437
453
466
483
506
527
540
556
570
590
611
644
668
696
721
741
756
784
814
836
860
889
926
959
991
1021
1054
1094
1129
1166
1203
1244
1281
1319
1360
1396
1446
1499
1544
1584
1638
1686
1727
1780
1827
1874
1923
1978
2028
2088
2133
2184
2245
2298
2349
2395
2457
2526
2587
2641
2702
2767
2821
2876
2936
2998
3063
3125
3207
3273
3343
3409
3479
3564
3632
3710
3777
3842
3902
3969
4049
4109
4180
4234
4302
4389
4472
4547
4611
4698
4761
4843
4897
4980
5057
5139
5217
5308
5386
5457
5540
5623
5723
5793
5869
5951
6026
6096
6179
6247
6312
6402
6484
6544
6619
6701
6796
6857
6932
7022
7082
7156
7230
7314
7387
7465
7540
7623
7699
7768
7849
7927
8003
8087
8166
8256
8338
8419
8485
8578
8663
8728
8815
8898
8990
9077
9157
9231
9301
9397
9475
9546
9623
9710
9788
9866
9928
10011
10077
10157
10236
10321
10418
10494
10571
10643
10712
10792
10876
10949
11028
11105
11168
11246
11337
11415
11492
11555
11618
11692
11752
11828
11883
11961
12031
12089
12145
12204
12268
12343
12403
12463
12548
12623
12701
12751
12818
12900
12952
13026
13084
13157
13215
13278
13347
13426
13479
13554
13625
13672
13727
13792
13842
13899
13956
14005
14064
14136
14200
14252
14318
14369
14414
14478
14520
14583
14626
14686
14734
14797
14849
14886
14937
14991
15051
15113
15160
15210
15258
15300
15370
15425
15461
15501
15550
15589
15621
15671
15721
15775
15819
15872
15928
15970
16010
16069
16105
