118
129
145
163
191
212
236
258
289
320
358
400
430
472
512
543
588
617
663
710
760
791
836
878
917
967
1018
1075
1122
1169
1212
1263
1311
1353
1391
1435
1485
1544
1604
1670
1728
1779
1837
1906
1969
2029
2084
2158
2222
2286
2353
2433
2509
2587
2661
2740
2812
2892
2969
3057
3143
3239
3333
3404
3486
3579
3669
3760
3843
3941
4028
4106
4203
4265
4338
4410
4488
4542
4605
4669
4739
4799
4864
4919
4969
5012
5076
5105
5155
5190
5234
5283
5341
5396
5443
5483
5541
5607
5660
5704
5760
5828
5882
5929
5970
6033
6077
6126
6179
6231
6286
6341
6383
6427
6485
6530
6567
6611
6646
6691
6722
6754
6776
6806
6840
6874
6902
6935
6964
7009
7051
7088
7141
7180
7224
7264
7310
7350
7384
7426
7464
7506
7541
7576
7613
7650
7697
7733
7780
7823
7872
7921
7962
8004
8044
8093
8138
8186
8232
8279
8327
8371
8413
8462
8526
8574
8618
8691
8755
8819
8866
8899
8955
8989
9046
9111
9169
9222
9281
9344
9390
9442
9502
9546
9599
9642
9682
9728
9777
9823
9858
9897
9951
9996
10044
10106
10160
10192
10247
10304
10357
10392
10456
10523
10577
10622
10674
10728
10795
10868
10933
11009
11073
11134
11182
11248
11320
11372
11425
11497
11535
11594
11626
11667
11724
11773
11837
11882
11936
11989
12035
12090
12136
12212
12279
12348
12409
12466
12517
12591
12652
12723
12812
12883
12960
13027
13092
13153
13253
13315
13357
13420
13486
13555
13610
13673
13720
13782
13842
13902
13967
14034
14082
14139
14191
14241
14292
14338
14413
14450
14489
14553
14604
14651
14700
14749
14802
14862
14896
14922
14968
15033
15069
15107
15153
15200
15249
15302
15354
15401
15441
15494
15539
15592
15626
15681
15723
15781
15816
15862
