110
125
137
155
174
198
229
268
298
336
376
431
490
539
593
646
711
768
828
881
932
975
1038
1098
1153
1205
1256
1311
1368
1431
1494
1551
1609
1664
1717
1771
1820
1864
1903
1944
1981
2016
2050
2080
2104
2140
2170
2198
2224
2251
2287
2324
2366
2400
2455
2502
2551
2609
2674
2721
2766
2817
2872
2923
2968
3008
3061
3108
3159
3223
3275
3324
3379
3431
3504
3578
3645
3712
3795
3876
3957
4035
4124
4207
4292
4388
4454
4543
4611
4684
4759
4823
4897
4959
5014
5080
5125
5179
5223
5276
5322
5380
5443
5505
5567
5624
5681
5739
5808
5868
5925
5982
6045
6089
6148
6197
6239
6288
6326
6367
6415
6457
6496
6539
6579
6611
6643
6673
6714
6744
6780
6817
6864
6897
6945
6994
7037
7086
7138
7185
7236
7292
7346
7402
7460
7518
7577
7638
7706
7772
7823
7887
7955
8017
8084
8138
8190
8254
8316
8391
8444
8495
8557
8610
8659
8700
8755
8804
8851
8906
8949
8993
9029
9067
9102
9148
9194
9238
9280
9324
9355
9401
9443
9474
9501
9540
9588
9631
9674
9726
9768
9805
9840
9880
9914
9960
9995
10047
10094
10155
10200
10255
10307
10356
10409
10453
10502
10571
10634
10678
10730
10790
10826
10875
10921
10979
11017
11077
11128
11161
11213
11279
11336
11386
11450
11506
11567
11633
11676
11751
11809
11879
11937
12011
12077
12141
12200
12256
12321
12358
12413
12465
12526
12594
12636
12691
12726
12755
12790
12835
12863
12906
12950
13001
13047
13104
13151
13194
13251
13300
13351
13405
13461
13516
13572
13630
13672
13725
13796
13838
13890
13951
14006
14061
14111
14165
14206
14266
14311
14377
14445
14498
14555
14626
14684
14750
14801
14866
14938
14999
15073
15144
15205
15277
15339
15405
15477
15556
15598
15659
