109
125
139
162
184
209
238
270
311
346
380
412
466
512
550
601
644
677
716
749
786
823
870
906
949
991
1043
1095
1142
1192
1262
1320
1368
1431
1490
1559
1623
1681
1734
1787
1846
1890
1947
1999
2053
2103
2149
2195
2238
2282
2333
2381
2417
2471
2519
2571
2606
2648
2706
2757
2806
2848
2895
2949
3000
3054
3109
3149
3196
3244
3293
3346
3387
3441
3487
3539
3588
3657
3709
3762
3825
3880
3938
3991
4048
4119
4171
4243
4298
4373
4446
4521
4591
4646
4696
4762
4815
4866
4934
4998
5066
5125
5188
5242
5307
5359
5401
5463
5510
5569
5622
5663
5706
5752
5798
5841
5873
5911
5985
6032
6086
6133
6182
6223
6266
6306
6345
6390
6428
6469
6505
6554
6596
6630
6685
6738
6792
6850
6910
6975
7042
7092
7163
7212
7283
7344
7412
7474
7530
7597
7662
7728
7800
7868
7952
8012
8078
8144
8200
8254
8311
8371
8422
8474
8522
8568
8608
8661
8720
8783
8845
8895
8956
9027
9096
9154
9223
9283
9336
9400
9449
9519
9573
9632
9691
9739
9804
9857
9919
9980
10021
10080
10133
10179
10220
10268
10317
10368
10399
10445
10498
10547
10590
10633
10677
10721
10764
10807
10858
10902
10954
11018
11083
11121
11175
11230
11304
11353
11403
11457
11513
11579
11647
11714
11785
11861
11920
11992
12085
12162
12240
12326
12409
12497
12580
12678
12749
12825
12904
12996
13099
13193
13270
13356
13423
13498
13562
13637
13712
13786
13865
13934
14012
14084
14144
14201
14274
14342
14413
14486
14545
14598
14659
14718
14783
14840
14893
14950
14994
15048
15086
15130
15171
15219
15254
15304
15352
15383
15423
15471
15506
15549
15587
15633
15675
15717
15753
15798
15835
15871
15918
15954
15998
16035
16080
16133
16170
16216
16257
16301
