109
124
138
149
163
184
211
230
251
277
304
339
383
425
461
506
550
596
666
729
798
866
943
1034
1117
1189
1288
1370
1472
1580
1675
1790
1909
2045
2151
2301
2419
2566
2721
2896
3051
3220
3391
3558
3746
3922
4085
4269
4460
4670
4888
5112
5313
5540
5787
6018
6260
6524
6789
7077
7370
7650
7940
8255
8561
8860
9162
9501
9822
10145
10458
10801
11133
11510
11898
12214
12568
12932
13310
13679
14092
14506
14904
15345
15753
16194
16645
17110
17569
18053
18544
19046
19551
20065
20594
21177
21721
22270
22833
23389
23956
24535
25136
25725
26285
26863
27473
28125
28743
29332
29946
30583
31185
31789
32392
32980
33534
34162
34774
35413
36022
36625
37253
37859
38461
39082
39695
40293
40893
41478
42113
42688
43252
43835
44429
45014
45583
46182
46765
47329
47934
48507
49071
49653
50221
50764
51341
51907
52488
53063
53611
54225
54812
55394
55963
56506
57083
57660
58187
58719
59266
59777
60255
60770
61330
61842
62334
62852
63360
63803
64341
64819
65277
65725
66152
66599
67044
67497
67905
68322
68728
69140
69567
69927
70334
70759
71204
71609
71998
72350
72777
73150
73545
73956
74327
74677
75067
75461
75820
76214
76650
77071
77488
77962
78418
78842
79264
79754
80256
80722
81284
81779
82249
82723
83241
83697
84149
84588
85068
85521
85994
86466
86885
87276
87701
88092
88497
88864
89268
89676
90042
90373
90751
91104
91473
91858
92207
92504
92833
93138
93453
93762
93995
94279
94530
94734
95027
95249
95502
95716
95927
96091
96291
96433
96628
96761
96936
97060
97177
97275
97425
97530
97645
97765
97843
97920
97969
98021
98083
98086
98103
98154
98178
98156
98244
98247
98257
98241
98245
98261
98251
98264
98210
98194
98180
98149
98165
98130
98163
98181
98172
98170
98149
98173
98170
98153
98170
98165
98210
98204
