106
122
135
152
169
186
208
234
259
289
323
358
394
438
482
526
581
641
696
744
807
882
955
1038
1111
1195
1286
1378
1481
1574
1694
1807
1928
2066
2176
2325
2456
2602
2753
2906
3067
3240
3421
3616
3834
4009
4206
4404
4606
4809
5026
5283
5497
5716
5966
6204
6447
6724
6992
7279
7523
7791
8106
8416
8714
9028
9359
9715
10045
10382
10721
11085
11445
11804
12195
12588
12990
13418
13839
14259
14679
15135
15549
16003
16431
16923
17379
17846
18329
18833
19315
19830
20322
20885
21420
21932
22432
22980
23521
24064
24624
25162
25724
26315
26905
27486
28090
28705
29346
29942
30555
31166
31762
32441
33006
33605
34189
34830
35436
36007
36678
37288
37875
38512
39140
39751
40342
40944
41513
42127
42757
43352
43910
44511
45095
45660
46223
46793
47284
47831
48370
48915
49466
49953
50483
50975
51473
51985
52477
53001
53543
54102
54639
55173
55743
56266
56779
57307
57815
58285
58769
59227
59690
60095
60524
60968
61402
61789
62205
62615
62973
63345
63716
64095
64473
64832
65180
65552
65883
66248
66614
66937
67260
67595
67901
68234
68557
68866
69181
69483
69793
70089
70363
70685
70984
71259
71545
71847
72125
72400
72694
72979
73239
73492
73727
73984
74226
74482
74734
74990
75238
75473
75740
75966
76172
76413
76613
76839
77032
77248
77477
77656
77895
78115
78306
78505
78744
78950
79114
79313
79471
79673
79828
79974
80127
80287
80420
80560
80723
80883
81061
81187
81333
81508
81644
81793
81942
82065
82160
82287
82387
82491
82604
82707
82807
82914
82986
83082
83147
83242
83313
83372
83466
83543
83634
83678
83748
83823
83913
83974
84067
84119
84148
84225
84274
84330
84392
84424
84445
84471
84477
84525
84595
84673
84745
84811
84886
84944
85021
85075
85122
85182
85247
85299
85365
85434
85482
85551
85580
85649
