108
124
135
147
166
192
217
239
269
294
320
347
381
424
465
513
574
622
675
743
807
877
946
1022
1114
1211
1312
1417
1524
1632
1745
1864
1987
2116
2265
2414
2555
2725
2876
3074
3278
3456
3647
3854
4065
4257
4494
4727
4977
5206
5467
5695
5962
6222
6511
6800
7097
7377
7702
8020
8331
8642
8946
9278
9644
9982
10328
10678
11037
11383
11718
12096
12489
12891
13276
13700
14138
14556
14985
15386
15823
16311
16724
17186
17671
18188
18661
19168
19661
20171
20689
21192
21711
22216
22704
23214
23730
24282
24848
25441
25999
26550
27126
27697
28340
28954
29537
30110
30692
31309
31938
32541
33130
33762
34375
35013
35670
36229
36812
37385
38002
38600
39231
39883
40490
41122
41705
42324
42928
43543
44146
44760
45417
46053
46646
47310
47920
48576
49230
49909
50592
51268
51970
52646
53345
54024
54674
55308
55978
56647
57287
57934
58575
59254
59842
60463
61060
61670
62283
62905
63557
64148
64783
65395
66033
66647
67267
67902
68529
69096
69677
70278
70862
71427
71982
72535
73051
73639
74185
74691
75210
75693
76176
76677
77127
77541
78007
78475
78871
79278
79689
80121
80553
80957
81309
81668
82076
82427
82796
83155
83450
83791
84131
84466
84766
85004
85288
85589
85820
86051
86305
86553
86778
87004
87197
87421
87625
87859
88067
88252
88466
88629
88797
88963
89103
89260
89388
89578
89723
89853
89967
90091
90217
90394
90515
90601
90702
90813
90947
90994
91127
91203
91283
91338
91410
91511
91634
91738
91805
91854
91900
92017
92079
92140
92228
92294
92323
92376
92424
92427
92462
92476
92513
92526
92586
92632
92648
92688
92683
92769
92820
92845
92910
92920
92910
92918
92932
92962
92912
92884
92891
92942
92908
92891
92850
92860
92853
92759
92709
92659
92606
92567
92507
92470
92423
92386
92336
92226
92147
92095
