109
119
134
151
169
189
206
229
256
287
323
368
399
437
480
522
567
615
670
732
800
873
949
1030
1113
1196
1280
1379
1484
1599
1709
1820
1942
2078
2230
2375
2527
2693
2847
3041
3211
3403
3625
3805
3991
4223
4454
4659
4914
5174
5424
5704
5958
6246
6532
6820
7118
7410
7728
8039
8353
8632
8959
9289
9629
9976
10307
10665
11068
11430
11829
12238
12621
13060
13457
13882
14327
14753
15199
15640
16163
16737
17267
17814
18384
18995
19529
20119
20767
21406
22011
22751
23464
24151
24845
25596
26334
27087
27807
28536
29287
30070
30781
31530
32304
33117
33882
34653
35478
36273
37068
37916
38740
39614
40501
41319
42134
43027
43850
44682
45598
46549
47500
48435
49339
50275
51132
51998
52893
53751
54565
55459
56241
57104
57889
58768
59650
60517
61359
62174
62967
63843
64710
65489
66249
67040
67833
68629
69363
70166
70843
71534
72209
72872
73582
74264
74920
75539
76204
76882
77519
78143
78756
79389
79987
80518
81066
81611
82150
82709
83273
83812
84375
84929
85412
85886
86334
86802
87221
87678
88130
88537
88889
89255
89650
89993
90345
90680
90988
91337
91667
92015
92300
92591
92857
93129
93424
93664
93901
94137
94374
94560
94744
94891
95042
95253
95443
95593
95757
95909
96005
96150
96272
96345
96480
96576
96710
96823
96885
96962
97075
97110
97192
97247
97275
97283
97352
97378
97405
97426
97494
97480
97496
97515
97488
97462
97462
97440
97432
97408
97373
97327
97310
97307
97317
97329
97293
97310
97303
97349
97317
97308
97265
97257
97233
97215
97198
97196
97177
97134
97130
97104
97145
97112
97134
97091
97090
97052
97076
97081
97125
97173
97200
97199
97201
97192
97210
97249
97333
97410
97440
97469
97493
97504
97484
97510
97577
97633
97652
97648
97671
97705
97734
97817
97864
97917
97938
97951
97985
98032
