108
116
131
140
154
171
193
219
247
271
300
330
370
415
451
504
555
614
661
725
782
849
933
1023
1098
1193
1287
1388
1498
1608
1729
1831
1962
2091
2230
2373
2529
2704
2873
3066
3262
3425
3608
3803
3987
4194
4401
4608
4834
5072
5288
5516
5749
6006
6283
6549
6829
7084
7354
7644
7911
8217
8533
8818
9144
9439
9723
10031
10354
10688
11028
11346
11674
12001
12375
12755
13112
13474
13879
14262
14647
15046
15468
15901
16327
16763
17195
17643
18097
18592
19086
19573
20084
20647
21224
21812
22408
22992
23610
24260
24882
25529
26163
26834
27497
28176
28808
29443
30097
30791
31465
32183
32888
33638
34338
35073
35765
36581
37298
37996
38704
39402
40163
40912
41626
42373
43086
43765
44541
45308
46088
46885
47643
48416
49099
49811
50515
51168
51911
52593
53314
53962
54654
55317
55989
56680
57328
57962
58609
59256
59874
60507
61081
61708
62298
62916
63516
64125
64764
65351
65916
66481
67062
67616
68211
68776
69338
69921
70424
70997
71522
72009
72535
73056
73513
74051
74533
74973
75457
75882
76372
76789
77206
77599
77994
78398
78792
79202
79583
79918
80262
80643
80994
81307
81609
81940
82257
82583
82912
83239
83602
83909
84260
84573
84850
85117
85397
85697
85983
86288
86615
86914
87171
87441
87734
88020
88296
88532
88835
89118
89437
89712
90011
90297
90581
90827
91107
91384
91683
91961
92298
92670
92952
93268
93577
93911
94209
94571
94871
95219
95519
95774
96044
96312
96626
96955
97221
97510
97830
98174
98439
98718
99045
99294
99571
99846
1.0012e+05
1.0037e+05
1.0056e+05
1.0082e+05
1.0105e+05
1.0129e+05
1.0148e+05
1.017e+05
1.0193e+05
1.0216e+05
1.0238e+05
1.0257e+05
1.0276e+05
1.0299e+05
1.0316e+05
1.0338e+05
1.0356e+05
1.0378e+05
1.0396e+05
1.0415e+05
1.0428e+05
1.0447e+05
1.0458e+05
1.0474e+05
1.0489e+05
1.0502e+05
1.0518e+05
1.0536e+05
1.0552e+05
1.0562e+05
1.0571e+05
1.0579e+05
1.0587e+05
1.0595e+05
1.0603e+05
1.0607e+05
1.0613e+05
1.0614e+05
1.0621e+05
1.0627e+05
1.0631e+05
1.0638e+05
1.0645e+05
1.0651e+05
