105
116
126
143
156
177
200
217
249
273
304
347
381
420
469
518
570
620
664
723
786
852
931
1002
1064
1155
1228
1311
1405
1510
1614
1727
1851
1977
2104
2255
2407
2567
2721
2883
3060
3208
3383
3580
3782
3948
4158
4391
4598
4853
5076
5305
5555
5785
6047
6321
6588
6856
7139
7435
7774
8094
8428
8763
9113
9458
9835
10237
10623
11015
11414
11841
12272
12671
13122
13557
13987
14462
14921
15376
15851
16347
16828
17349
17849
18325
18835
19329
19859
20373
20912
21461
21995
22566
23123
23707
24295
24857
25414
26016
26606
27180
27810
28436
29089
29754
30433
31091
31748
32486
33183
33885
34589
35276
35969
36665
37379
38087
38841
39545
40240
40986
41738
42506
43284
43996
44768
45491
46264
47019
47860
48636
49453
50236
51087
51929
52771
53662
54605
55529
56448
57388
58321
59266
60168
61110
62058
62925
63820
64665
65497
66341
67103
67889
68674
69470
70254
70974
71715
72408
73150
73867
74605
75291
75999
76724
77457
78125
78816
79504
80158
80790
81460
82158
82802
83459
84132
84785
85400
86045
86716
87366
87997
88680
89297
89918
90531
91129
91726
92335
92925
93481
94076
94657
95194
95787
96426
97021
97598
98183
98793
99327
99895
1.0046e+05
1.0096e+05
1.0141e+05
1.0187e+05
1.0236e+05
1.0282e+05
1.0336e+05
1.0384e+05
1.0428e+05
1.0477e+05
1.0519e+05
1.0562e+05
1.0604e+05
1.0647e+05
1.0686e+05
1.0728e+05
1.0766e+05
1.0807e+05
1.0845e+05
1.0881e+05
1.0919e+05
1.0952e+05
1.0987e+05
1.1023e+05
1.1052e+05
1.1087e+05
1.1114e+05
1.1144e+05
1.1169e+05
1.1197e+05
1.1226e+05
1.125e+05
1.1275e+05
1.1299e+05
1.1316e+05
1.1335e+05
1.1349e+05
1.1361e+05
1.1377e+05
1.1393e+05
1.1407e+05
1.1421e+05
1.1435e+05
1.1447e+05
1.1464e+05
1.1473e+05
1.1487e+05
1.1497e+05
1.1507e+05
1.1518e+05
1.1526e+05
1.1534e+05
1.1544e+05
1.155e+05
1.1557e+05
1.1566e+05
1.1574e+05
1.1584e+05
1.1588e+05
1.1596e+05
1.1602e+05
1.1608e+05
1.1613e+05
1.1621e+05
1.1631e+05
1.1639e+05
1.1644e+05
1.1651e+05
1.1656e+05
1.1665e+05
1.167e+05
1.1672e+05
1.1677e+05
1.1679e+05
1.1684e+05
1.1689e+05
1.1695e+05
1.1694e+05
1.1699e+05
1.1702e+05
1.1702e+05
1.1704e+05
1.1711e+05
1.1713e+05
1.1714e+05
1.1715e+05
1.1719e+05
1.1713e+05
1.1712e+05
1.1711e+05
1.171e+05
1.1709e+05
1.1707e+05
1.1702e+05
1.1707e+05
1.1704e+05
1.1705e+05
